0.01	983897	16103	676.671	16823.3	538.99	
0.05	949244	50756	506.542	13080.4	665.8	
0.1	904405	95595	379.179	9270.05	698.74	
0.01	983714	16286	681.781	17101.5	534.33	
0.05	948919	51081	515.14	13203.8	661.7	
0.1	903006	96994	381.667	9364.89	716.94	
0.01	983727	16273	694.209	17423.2	490.05	
0.05	948690	51310	520.082	13340.5	652.13	
0.1	902502	97498	385.382	9469.61	718.75	
0.01	983776	16224	708.294	17709.7	456.19	
0.05	948334	51666	530.017	13630.6	626.54	
0.1	902119	97881	392.017	9625.38	675.24	
0.01	983645	16355	721.409	17873.6	540.06	
0.05	948116	51884	538.498	13824.6	662.89	
0.1	901338	98662	401.259	9777.72	717.24	
0.01	983741	16259	730.184	18440.6	521.01	
0.05	947746	52254	545.444	13939.2	693.2	
0.1	900956	99044	401.902	9844.59	756.9	
0.01	983507	16493	741.707	18435.9	520	
0.05	947045	52955	550.656	14127.3	662.28	
0.1	899465	100535	407.751	9978.87	734.41	
0.01	983463	16537	752.278	18821.5	1103.75	
0.05	947254	52746	555.711	14290.8	1401.15	
0.1	899707	100293	413.018	10040.7	1630.56	
0.01	983480	16520	762.823	19025.1	728.64	
0.05	946518	53482	565.583	14396.4	896.81	
0.1	898734	101266	418.077	10143.1	964.3	
0.01	983333	16667	784.124	19267.6	588.02	
0.05	946085	53915	578.557	14698.1	723.42	
0.1	897892	102108	430.975	10327.2	779	
0.01	983306	16694	814.315	19893.2	571.13	
0.05	944848	55152	598.235	14932.5	742.65	
0.1	896330	103670	444.439	10496.2	804.01	
0.01	983032	16968	822.931	19903.7	614.02	
0.05	944986	55014	604.02	15057.2	755.04	
0.1	895140	104860	447.918	10587.5	816.37	
0.01	983107	16893	835.187	20467.2	592.98	
0.05	944630	55370	617.973	15339.7	747.35	
0.1	894890	105110	458.051	10746.4	803.97	
0.01	982983	17017	851.263	20679.2	804.36	
0.05	944070	55930	624.076	15496.7	998.28	
0.1	894827	105173	463.904	10792.6	1065.39	
0.01	982964	17036	854.135	20840.7	606.18	
0.05	943913	56087	633.545	15606	797.26	
0.1	894746	105254	466.194	10896.2	846.64	
0.01	982812	17188	876.933	21103.6	546.1	
0.05	943560	56440	641.281	15815.3	718.66	
0.1	893070	106930	476.614	11054.1	861.96	
0.01	982873	17127	902.564	21768.1	640.89	
0.05	942667	57333	660.305	16109.6	806.03	
0.1	891902	108098	485.389	11232.2	859.9	
0.01	982833	17167	909.529	21892.6	867.6	
0.05	942167	57833	665.188	16280.1	1076.16	
0.1	891057	108943	493.269	11314.1	1149.44	
0.01	982926	17074	920.429	22168.5	663.24	
0.05	942740	57260	670.929	16363.5	848.32	
0.1	891033	108967	494.176	11395.7	908.52	
0.01	982685	17315	927.471	22326.1	888.36	
0.05	941831	58169	672.923	16391.1	1089.4	
0.1	890168	109832	500.881	11443.4	1175.05	
0.01	982804	17196	945.314	22760.8	1388.02	
0.05	941691	58309	684.674	16693.2	1787.61	
0.1	890126	109874	509.791	11626.6	2003.55	
0.01	982717	17283	946.555	22793.8	675.22	
0.05	941598	58402	692.386	16753	840.02	
0.1	889427	110573	513.974	11623.3	894.63	
0.01	982710	17290	963.052	23036.4	1393.99	
0.05	941012	58988	695.474	16898.2	1813.28	
0.1	889668	110332	515.73	11780.5	1995.09	
0.01	982408	17592	967.339	23160.8	731.62	
0.05	940953	59047	704.872	17007	901.03	
0.1	888802	111198	520.324	11856	963.06	
0.01	982654	17346	980.414	23652	617.11	
0.05	941051	58949	706.551	17272.2	846.11	
0.1	888829	111171	525.866	12008.3	941.81	
0.01	982615	17385	980.156	23580.1	665.99	
0.05	940852	59148	708.28	17214.3	880.98	
0.1	888421	111579	528.901	12000.6	978.34	
0.01	982497	17503	992.844	23548.3	617.96	
0.05	940835	59165	718.834	17394.8	856.41	
0.1	888317	111683	532.942	12092.8	983.05	
0.01	982593	17407	997.92	23955.4	712.98	
0.05	940660	59340	723.757	17478.1	883.62	
0.1	888196	111804	534.847	12148.1	937.95	
0.01	982588	17412	1007.48	24166.3	952.5	
0.05	940450	59550	728.236	17596.9	1188.23	
0.1	887272	112728	538.978	12271.4	1280.47	
0.01	982615	17385	1019.07	24208.7	1476.81	
0.05	940530	59470	731.315	17796.7	1913.04	
0.1	887453	112547	541.053	12378	2139.86	
0.01	982502	17498	1009.45	24058.6	1205.18	
0.05	940190	59810	732.659	17621.8	1489.83	
0.1	887237	112763	539.117	12285.7	1594.52	
0.01	983955	16045	652.225	16339.9	419.38	
0.05	949588	50412	495.888	12764.6	574.15	
0.1	904351	95649	369.095	9107.58	651.34	
0.01	983930	16070	642.765	16002.2	452.71	
0.05	949941	50059	485.792	12512.9	586.04	
0.1	905961	94039	362.913	8951.33	633.72	
0.01	984105	15895	626.536	15766.3	989.68	
0.05	950390	49610	477.978	12354.9	1299.58	
0.1	906399	93601	356.266	8820.32	1398.49	
0.01	984109	15891	607.571	15293.4	422.93	
0.05	951344	48656	463.776	12017.9	558.27	
0.1	908196	91804	346.971	8603.04	596.54	
0.01	984219	15781	586.222	14834.1	415.33	
0.05	951831	48169	451.677	11753.9	511.48	
0.1	909608	90392	339.488	8427.21	550.15	
0.01	984086	15914	577.007	14550.6	431.2	
0.05	952143	47857	443.574	11560	527.18	
0.1	909458	90542	334.763	8329.72	573.24	
0.01	984326	15674	559.958	14219.4	538.74	
0.05	952503	47497	438.359	11271.2	653.26	
0.1	910203	89797	330.783	8135.43	708.45	
0.01	984308	15692	554.595	13807.2	379.91	
0.05	953097	46903	431.033	11040.9	496.01	
0.1	911233	88767	324.725	8006.77	546.15	
0.01	984560	15440	542.47	13680.7	401.21	
0.05	953460	46540	425.64	10882.1	492.41	
0.1	912135	87865	322.871	7921.25	535.14	
0.01	984584	15416	525.654	13027.2	387.35	
0.05	953913	46087	414.227	10578.7	476.69	
0.1	912229	87771	314.718	7668.73	519.04	
0.01	984610	15390	513.657	12440.7	365.75	
0.05	954869	45131	410.51	10100.8	457.48	
0.1	913797	86203	312.965	7440.82	500.92	
0.01	984795	15205	510.904	12525.6	479.66	
0.05	955093	44907	407.957	10174.6	586.01	
0.1	913337	86663	313.332	7462.45	647.11	
0.01	984647	15353	503.907	12136.8	360.49	
0.05	955229	44771	404.783	9952.7	449.27	
0.1	914126	85874	311.659	7323.76	493.77	
0.01	984497	15503	495.671	12064.8	356.18	
0.05	955463	44537	404.71	9919.5	447.6	
0.1	914324	85676	309.71	7301.53	490.65	
0.01	984834	15166	497.988	11968.4	336.54	
0.05	955466	44534	407.076	9840.21	426.1	
0.1	914192	85808	311.909	7291.66	491.93	
0.01	984967	15033	496.364	12041	304.21	
0.05	955498	44502	407.385	9925.81	412.89	
0.1	913739	86261	311.687	7342.34	482.9	
0.01	984860	15140	500.541	12043.7	313.78	
0.05	955462	44538	408.18	9960.08	411.94	
0.1	913705	86295	314.316	7378.01	479.86	
0.01	984765	15235	506.054	12303.9	342.93	
0.05	955021	44979	412.66	10069	436.75	
0.1	913693	86307	315.73	7505.36	505.7	
0.01	984843	15157	511.522	12430.8	372.17	
0.05	955256	44744	419.656	10299	464.15	
0.1	912388	87612	319.18	7674.22	520.47	
0.01	983812	16188	806.764	20947.3	774.73	
0.05	947202	52798	584.935	16069.4	960.38	
0.1	901432	98568	427.144	11298.3	1026.85	
0.01	983729	16271	793.136	20943	602.89	
0.05	948112	51888	584.553	16055.2	749.52	
0.1	900923	99077	423.904	11268.5	807.71	
0.01	983648	16352	779.867	20437	593.64	
0.05	948098	51902	570.566	15718.3	733.66	
0.1	902358	97642	417.872	11070.7	789.05	
0.01	983826	16174	768.472	20157	1115.28	
0.05	948429	51571	567.85	15524	1441.79	
0.1	902809	97191	414.802	10980.1	1639.76	
0.01	983844	16156	750.62	19764.5	568.38	
0.05	949154	50846	561.043	15328.4	706.43	
0.1	903486	96514	408	10834	762.21	
0.01	984152	15848	733.326	19429.8	556.08	
0.05	949520	50480	546.551	15033.3	723.78	
0.1	905441	94559	397.856	10666.7	783.49	
0.01	984164	15836	729.284	19360.6	550.29	
0.05	949398	50602	542.205	15013.1	686.48	
0.1	905175	94825	395.684	10655.5	737.57	
0.01	984132	15868	712.489	18960.7	538.84	
0.05	950074	49926	530.59	14751.8	669.11	
0.1	905689	94311	387.725	10518.2	724.74	
0.01	984198	15802	700.043	18705.5	508.33	
0.05	950730	49270	518.691	14675.5	629.67	
0.1	907101	92899	380.277	10430.9	686.13	
0.01	984189	15811	689.42	18508.3	647.79	
0.05	950785	49215	516.689	14425.8	820.22	
0.1	906608	93392	377.372	10278.3	882.25	
0.01	984221	15779	682.661	18175.7	654.04	
0.05	951661	48339	510.204	14326.7	804.86	
0.1	908143	91857	371.136	10196	861.4	
0.01	984430	15570	665.89	17827.2	501.32	
0.05	951756	48244	502.675	14109.9	624.22	
0.1	908522	91478	366.624	10105.2	677.91	
0.01	984353	15647	651.945	17441.3	949.93	
0.05	952117	47883	496.442	13793.5	1204.9	
0.1	908911	91089	364.995	9945.86	1403.65	
0.01	984195	15805	646.887	17210.2	620.62	
0.05	952468	47532	491.807	13649.9	766.66	
0.1	909195	90805	362.168	9820.5	836.12	
0.01	984355	15645	633.745	16928.3	477.28	
0.05	952438	47562	486.392	13439.2	593.48	
0.1	909985	90015	357.461	9678.57	644.7	
0.01	984526	15474	614.053	16318	435.52	
0.05	953271	46729	470.731	13034.4	571.4	
0.1	911392	88608	351.896	9451.11	625.38	
0.01	984174	15826	614.653	16369.6	589.34	
0.05	952690	47310	473.224	13105.5	727.98	
0.1	911271	88729	348.056	9454.12	783.97	
0.01	984429	15571	612.568	16227	435.1	
0.05	953596	46404	467.079	13052.1	536.41	
0.1	910837	89163	346.679	9402.75	589.23	
0.01	984506	15494	606.566	16173.3	432.93	
0.05	953175	46825	467.228	12996.8	538.16	
0.1	911084	88916	342.547	9409.16	588.59	
0.01	984466	15534	594.235	15950.9	419.12	
0.05	954319	45681	463.253	12644.5	531.33	
0.1	912178	87822	341.515	9189.14	589.23	
0.01	984617	15383	592.306	15642.5	858.81	
0.05	954084	45916	457.782	12619.6	1078.94	
0.1	912575	87425	340.294	9178.8	1250.78	
0.01	984517	15483	588.504	15449.2	413.45	
0.05	954043	45957	455.258	12499.4	541.95	
0.1	912882	87118	340.334	9095.61	596.86	
0.01	984657	15343	574.745	14914.8	399.07	
0.05	955070	44930	450.622	12017.7	503.21	
0.1	913340	86660	336.871	8819.17	562.23	
0.01	984802	15198	571.259	14767.9	411.62	
0.05	954854	45146	450.319	12186.7	527.26	
0.1	913099	86901	335.769	8919.11	582.41	
0.01	984661	15339	563.69	14816.8	364.97	
0.05	954536	45464	448.485	12053.3	442.87	
0.1	913161	86839	335.687	8807.4	469.87	
0.01	984909	15091	566.499	14611.9	929.01	
0.05	955222	44778	449.561	12041	1223.03	
0.1	913620	86380	336.191	8858.19	1358.22	
0.01	984663	15337	572.037	15195.6	460.81	
0.05	954934	45066	452.676	12333.6	573.33	
0.1	913019	86981	337.784	9099.51	638.48	
0.01	984802	15198	573.76	15237	426.94	
0.05	955164	44836	459.98	12432.9	535.91	
0.1	912598	87402	338.787	9211.23	599.69	
0.01	984982	15018	583.235	15432.9	431.39	
0.05	954912	45088	465.017	12797.9	549.09	
0.1	912144	87856	340.805	9453.18	614.37	
0.01	984840	15160	598.824	16479.7	449.55	
0.05	954918	45082	476.579	13665.8	575.05	
0.1	911897	88103	344.077	10118.8	647.62	
0.01	984673	15327	582.89	15674.3	436.13	
0.05	955221	44779	469.711	12926.7	551.84	
0.1	912217	87783	342.027	9588.16	620.22	
0.01	984881	15119	586.557	15674.9	436.19	
0.05	955199	44801	470.928	13062.1	555.7	
0.1	912198	87802	341.995	9668.03	623.88	
0.01	984738	15262	571.951	15131.8	425.44	
0.05	955173	44827	463.184	12494.7	538.56	
0.1	913191	86809	342.343	9202.49	597.71	
0.01	983432	16568	801.62	21166.8	612.72	
0.05	947361	52639	593.3	16082.7	759.76	
0.1	901044	98956	427.495	11349.7	812.83	
0.01	983372	16628	818.533	21302.6	622.07	
0.05	947355	52645	601.356	16287.9	768.39	
0.1	900780	99220	437.987	11436.8	824.08	
0.01	983531	16469	830.501	21714.1	630.38	
0.05	946511	53489	606.51	16406.3	781.69	
0.1	900118	99882	442.898	11524.4	835.24	
0.01	983455	16545	853.386	21845.7	647.98	
0.05	946380	53620	623.05	16537.7	799.42	
0.1	898128	101872	455.15	11583.2	860.08	
0.01	983506	16494	868.056	22107.5	656.83	
0.05	945814	54186	634.43	16750.9	815.84	
0.1	897621	102379	462.225	11706.4	873.67	
0.01	983126	16874	884.415	22434.4	635.12	
0.05	944783	55217	643.835	16902.9	787.38	
0.1	895585	104415	471.682	11789.9	845.49	
0.01	983100	16900	896.955	22993.9	646.85	
0.05	944382	55618	654.067	17119.2	801.18	
0.1	895537	104463	478.607	11968.6	857.42	
0.01	983052	16948	918.828	23307	664.98	
0.05	944221	55779	662.298	17364.4	813.96	
0.1	894565	105435	485.105	12101.9	879.14	
0.01	983012	16988	930.095	23613.1	898.2	
0.05	943621	56379	674.036	17615	1116.02	
0.1	893453	106547	494.978	12263.8	1201.37	
0.01	982872	17128	955.983	23960.7	826.19	
0.05	943199	56801	687.613	17761.1	1025.08	
0.1	892953	107047	503.819	12290.9	1096.66	
0.01	982898	17102	974.473	24666.6	714.15	
0.05	942394	57606	703.161	18087.7	873.08	
0.1	891451	108549	512.686	12542	938.97	
0.01	982607	17393	1009.61	25040.7	955.85	
0.05	941722	58278	726.158	18331.4	1187.47	
0.1	888637	111363	532.394	12673.4	1288.48	
0.01	982759	17241	1024.3	25343.8	775.88	
0.05	940679	59321	732.596	18529.7	964.38	
0.1	889093	110907	536.307	12768.9	1021.5	
0.01	982748	17252	1032.66	25553.7	770.15	
0.05	940514	59486	739.464	18597	973.51	
0.1	888060	111940	544.548	12843.7	1038.97	
0.01	982488	17512	1064.71	25953.1	806.27	
0.05	940091	59909	749.269	18960.9	992.23	
0.1	887234	112766	554.482	13084.6	1061.49	
0.01	982613	17387	1070.1	26280.5	810.64	
0.05	939944	60056	765.455	19150	1007.83	
0.1	886442	113558	558.99	13247.7	1078.86	
0.01	982171	17829	1088.29	26867.1	832.05	
0.05	939383	60617	775.956	19313.3	1024.17	
0.1	885481	114519	566.489	13387.3	1097.85	
0.01	983590	16410	1121.22	41310.7	950.95	
0.05	947886	52114	703.735	30639.4	1211.01	
0.1	901773	98227	451.061	21030.7	1323.58	
0.01	983940	16060	865.26	26808.8	860.95	
0.05	949100	50900	604.105	20705.3	1107.48	
0.1	904227	95773	409.096	14556.2	1194.15	
0.01	984020	15980	803.614	23927.7	628.83	
0.05	949305	50695	570.059	18424.2	792.34	
0.1	905195	94805	396.183	13074.3	858.94	
0.01	983729	16271	793.582	23293.5	622.15	
0.05	949218	50782	562.017	17919.4	776.03	
0.1	903814	96186	395.652	12651	847.04	
0.01	983971	16029	772.379	22285	598.83	
0.05	949237	50763	550.879	17118.7	748.26	
0.1	904821	95179	391.934	12080	809.31	
0.01	983913	16087	761.013	21566.8	577.11	
0.05	949238	50762	549.128	16603.4	736.94	
0.1	903993	96007	390.23	11676.1	797.29	
0.01	983830	16170	769.8	21556.8	594.02	
0.05	948463	51537	550.651	16685.8	744.35	
0.1	902812	97188	390.014	11738.8	804.59	
0.01	983696	16304	763.254	21456.4	590.78	
0.05	948056	51944	548.746	16426	739.51	
0.1	902700	97300	389.53	11542.3	794.61	
0.01	983556	16444	766.838	21357.2	594.3	
0.05	947755	52245	549.498	16288.1	739.05	
0.1	902317	97683	393.324	11456.1	794.77	
0.01	983483	16517	773.446	21521.7	599.44	
0.05	947268	52732	555.031	16316.8	746.51	
0.1	901345	98655	395.083	11535.3	805.35	
0.01	983613	16387	786.132	21555.4	605.37	
0.05	947390	52610	558.301	16406	749.96	
0.1	900889	99111	397.879	11521.8	809.08	
0.01	983621	16379	777.279	21162.6	596.6	
0.05	946849	53151	557.721	16091.5	745.1	
0.1	900583	99417	399.008	11272.5	797.74	
0.01	983380	16620	793.762	21305.9	609.4	
0.05	946585	53415	564.618	16256.4	755.8	
0.1	899693	100307	403.903	11403	812.52	
0.01	983364	16636	795.314	21538.8	603.8	
0.05	946196	53804	571.584	16271.6	764.88	
0.1	898697	101303	409.642	11454.6	825.6	
0.01	983397	16603	815.398	21653	624.63	
0.05	945666	54334	578.694	16341.8	773.95	
0.1	897886	102114	413.842	11485.9	832.86	
0.01	983288	16712	821.246	22157.8	534.22	
0.05	944654	55346	586.208	16486.3	748.03	
0.1	896559	103441	417.285	11568.8	819.32	
0.01	983251	16749	831.95	22069.2	638.24	
0.05	944769	55231	588.407	16503.8	791.22	
0.1	896919	103081	420.889	11519.3	844.25	
0.01	983024	16976	833.803	22055.7	641.85	
0.05	944738	55262	595.285	16418.8	792.54	
0.1	896241	103759	424.716	11514.5	850.12	
0.01	983142	16858	843.094	22227.7	652.08	
0.05	944140	55860	599.945	16622.6	812.5	
0.1	895414	104586	428.503	11641.5	871.53	
0.01	983133	16867	853.106	22308.8	652.87	
0.05	944121	55879	601.834	16636.2	807.31	
0.1	895132	104868	431.811	11670.3	868.6	
0.01	983100	16900	851.561	22342.1	533.42	
0.05	943405	56595	607.486	16747	670.2	
0.1	894737	105263	435.715	11675.6	715.44	
0.01	983139	16861	878.721	23263	1070.89	
0.05	943329	56671	614.366	17334.6	1334.34	
0.1	894054	105946	439.2	12138.5	1434.75	
0.01	982942	17058	873.493	22722	657.92	
0.05	943285	56715	613.126	16904.7	832.9	
0.1	893445	106555	444.049	11804.7	895.51	
0.01	983093	16907	876.467	23048	665.87	
0.05	942946	57054	620.669	16974.2	840.18	
0.1	893043	106957	445.739	11855.8	901.43	
0.01	982903	17097	886.391	23007.1	621.04	
0.05	943184	56816	625.46	17031.4	815.8	
0.1	892619	107381	449.777	11959.7	911.86	
0.01	982820	17180	889.217	22954.9	1316.77	
0.05	942809	57191	632.443	17061.9	1712.24	
0.1	891851	108149	450.966	12019.7	1929.17	
0.01	983065	16935	901.542	23363.6	688.39	
0.05	942490	57510	635.695	17264	858.61	
0.1	891931	108069	455.445	12129.9	926.71	
0.01	982742	17258	896.123	23253.3	875.99	
0.05	942464	57536	635.684	17371.6	1095.21	
0.1	891536	108464	458.338	12189.5	1187.64	
0.01	982618	17382	909.927	23637.1	677.04	
0.05	942166	57834	639.013	17504.1	841.72	
0.1	891620	108380	461.276	12345.8	923.2	
0.01	982990	17010	910.414	23673.6	591.33	
0.05	942294	57706	641.252	17567.8	824.52	
0.1	891095	108905	463.035	12400.2	916.54	
0.01	982867	17133	915.913	23850.3	892.25	
0.05	942237	57763	645.333	17899.3	1125.28	
0.1	890491	109509	464.744	12584.3	1230.42	
0.01	982832	17168	926.222	24465.8	655.89	
0.05	942274	57726	652.225	18215.3	880.86	
0.1	890721	109279	466.463	12903	986.32	
0.01	982866	17134	925.816	24340.8	896.54	
0.05	942448	57552	649.805	18217.2	1137.56	
0.1	890803	109197	467.218	12851.9	1249.92	
0.01	983479	16521	1116.1	41165.7	948.81	
0.05	947770	52230	704.66	30641.6	1213.18	
0.1	902470	97530	450.703	20962.9	1312.33	
0.01	984492	15508	706.92	20444.3	542.32	
0.05	950133	49867	514.92	16021.9	692.87	
0.1	904966	95034	364.592	11668.4	774.34	
0.01	984122	15878	697.514	19982.5	537.62	
0.05	950501	49499	501.862	15723.3	675.58	
0.1	906457	93543	357.591	11411.2	749.28	
0.01	984228	15772	696.218	20218.6	538.95	
0.05	950253	49747	505.603	16041.7	688.39	
0.1	905677	94323	356.734	11675	767.27	
0.01	984673	15327	653.125	18300.5	630.91	
0.05	951832	48168	487.609	14551.3	799.66	
0.1	907668	92332	348.725	10616.3	890.15	
0.01	984181	15819	655.092	18650.2	799.19	
0.05	951487	48513	486.723	14752.8	1006.3	
0.1	907511	92489	348.214	10823.2	1124.97	
0.01	984166	15834	663.434	19024.5	991.18	
0.05	951356	48644	487.134	15172.6	1280.98	
0.1	907368	92632	347.435	11163.3	1493.72	
0.01	984249	15751	696.653	20613.5	443.87	
0.05	951179	48821	512.67	16799.3	576.81	
0.1	906282	93718	353.818	12453.9	638.13	
0.01	984454	15546	692.659	20373.9	434.16	
0.05	951128	48872	509.958	16441.5	572.59	
0.1	907030	92970	354.753	12228.9	626.58	
0.01	984370	15630	676.312	19852.5	522.85	
0.05	951995	48005	503.658	16234.6	676.2	
0.1	906846	93154	350.305	12174.5	780.15	
0.01	984410	15590	682.472	20027.8	526.94	
0.05	952086	47914	513.669	16522.8	687.65	
0.1	906616	93384	352.23	12296.5	788.32	
0.01	984574	15426	695.634	20629.3	537.43	
0.05	951559	48441	518.033	17120.6	710.25	
0.1	906334	93666	354.391	12804.3	816.95	
0.01	984340	15660	719.846	22190.2	565.09	
0.05	951867	48133	529.187	18529.1	748.52	
0.1	906152	93848	357.918	13811	869.3	
0.01	984327	15673	648.368	18257	501.38	
0.05	951576	48424	485.135	14635.3	636.96	
0.1	907659	92341	349.514	10642.1	694.4	
0.01	984458	15542	652.638	18470.8	498.83	
0.05	951746	48254	489.202	14753.7	633.73	
0.1	907493	92507	349.457	10780.4	707.85	
0.01	984535	15465	662.44	18919.4	506.75	
0.05	952120	47880	496.271	15152.1	644.42	
0.1	906947	93053	351.946	11085.9	727.11	
0.01	984478	15522	691.347	20592.3	537.76	
0.05	951695	48305	515.389	17005.7	707.13	
0.1	906668	93332	357.008	12871.2	822.15	
0.01	984465	15535	452.896	11267.8	336.83	
0.05	952468	47532	354.257	8975.27	413.72	
0.1	910839	89161	270.714	6486.49	447.06	
0.01	984331	15669	453.05	11189.9	336.59	
0.05	952866	47134	357.043	8910.06	411.63	
0.1	910395	89605	270.456	6448.03	446.7	
0.01	984337	15663	454.758	11193.7	336.66	
0.05	952662	47338	358.519	8845.42	412.28	
0.1	910622	89378	271.763	6407.8	445.18	
0.01	984458	15542	454.69	11203.3	335.66	
0.05	952945	47055	355.384	8844.95	408.92	
0.1	909957	90043	272.622	6379.77	446.02	
0.01	984314	15686	455.371	11105.8	337.3	
0.05	952321	47679	356.919	8756.96	410.39	
0.1	909749	90251	273.876	6362.79	446.57	
0.01	984211	15789	458.215	11041.3	337.72	
0.05	952009	47991	359.285	8800.96	414.22	
0.1	909779	90221	272.869	6370.84	446.36	
0.01	984222	15778	461.49	11097.8	341.75	
0.05	952269	47731	359.663	8820.1	415.99	
0.1	909383	90617	274.102	6386.32	451.54	
0.01	984354	15646	461.123	11209.8	339.7	
0.05	951943	48057	360.634	8868.04	416.8	
0.1	908819	91181	273.878	6404.92	451.63	
0.01	984278	15722	465.312	11211.7	342.38	
0.05	951986	48014	361.522	8951.53	419.26	
0.1	908149	91851	275.138	6430.88	455.8	
0.01	984435	15565	466.164	11273.1	342.51	
0.05	951620	48380	362.862	8926.93	421.13	
0.1	908349	91651	276.926	6434.14	456.24	
0.01	984330	15670	470.016	11423.9	346.35	
0.05	951966	48034	366.229	8989.84	422.73	
0.1	908588	91412	277.287	6469.56	457.22	
0.01	984189	15811	472.064	11450.5	350.31	
0.05	951533	48467	364.955	8993.61	424.84	
0.1	908204	91796	278.746	6493.6	461.18	
0.01	984149	15851	473.29	11438.2	349.31	
0.05	951216	48784	369.498	9026.99	428.89	
0.1	907667	92333	279.696	6499.19	462.99	
0.01	983798	16202	476.939	11507.4	355.41	
0.05	950916	49084	370.36	9110.24	432.99	
0.1	907803	92197	281.168	6536.29	465.17	
0.01	984070	15930	479.942	11596.1	354.33	
0.05	950995	49005	373.108	9174.92	435.35	
0.1	907310	92690	282.559	6573.54	468.89	
0.01	984133	15867	486.704	11669.2	298.63	
0.05	951001	48999	373.876	9182.62	380.63	
0.1	906868	93132	282.786	6615.61	447.77	
0.01	984206	15794	487.543	11766.3	455.4	
0.05	950464	49536	377.529	9264.15	562.75	
0.1	906853	93147	284.554	6646.44	604.31	
0.01	984169	15831	492.627	11823.1	304.63	
0.05	950327	49673	379.465	9321.25	399.53	
0.1	906884	93116	286.977	6668.65	461.73	
0.01	983823	16177	496	12022.4	365.04	
0.05	950365	49635	380.333	9348.57	446.79	
0.1	905789	94211	289.161	6703.53	483.64	
0.01	983970	16030	495.732	12003.8	359.66	
0.05	950375	49625	382.781	9445.27	458.05	
0.1	905532	94468	288.669	6738.42	486.35	
0.01	983949	16051	500.761	12124.1	357.95	
0.05	949935	50065	383.287	9428.28	437.35	
0.1	905998	94002	291.619	6759.86	471.36	
0.01	984075	15925	505.884	12212.5	341.7	
0.05	949809	50191	385.455	9467.58	441.59	
0.1	904389	95611	291.928	6776.84	493.25	
0.01	984184	15816	507.66	12359.7	372.27	
0.05	949809	50191	387.455	9540.17	472.77	
0.1	905289	94711	292.477	6803.89	515.14	
0.01	984098	15902	506.138	12292.4	374.57	
0.05	949755	50245	389.807	9565.98	460.93	
0.1	904452	95548	294.303	6840.22	499.64	
0.01	984003	15997	510.436	12360.8	599.34	
0.05	949525	50475	392.213	9588.45	735.31	
0.1	904662	95338	296.116	6859.9	792.35	
0.01	984167	15833	516.079	12405.2	371.97	
0.05	949555	50445	392.334	9630.19	464.82	
0.1	904792	95208	298.045	6880.16	501.51	
0.01	984048	15952	514.944	12416.7	730.92	
0.05	949501	50499	393.013	9666.25	915.63	
0.1	904400	95600	298.717	6906.72	1041.05	
0.01	983998	16002	518.304	12523.7	363.13	
0.05	949516	50484	397.499	9749.91	446.73	
0.1	904334	95666	299.323	6915.99	479.38	
0.01	983934	16066	519.179	12593.1	366.04	
0.05	948903	51097	398.207	9724.65	457.76	
0.1	903490	96510	301.004	6939.23	502.34	
0.01	983790	16210	521.349	12618.3	371.33	
0.05	949196	50804	397.495	9781.91	465.51	
0.1	903610	96390	301.993	6962.82	499.23	
0.01	983769	16231	527.677	12642.9	311.7	
0.05	949110	50890	400.92	9821.51	392.75	
0.1	903768	96232	303.345	6973.26	395.15	
0.01	983823	16177	524.463	12569.3	374.04	
0.05	948802	51198	402.066	9812.86	461.01	
0.1	902783	97217	303.867	6995.43	489.93	
0.01	983623	16377	529.365	12725.7	321.14	
0.05	948855	51145	403.007	9835.88	398.67	
0.1	903595	96405	303.888	6992.06	407.96	
0.01	984225	15775	455.716	11196.6	337.7	
0.05	953275	46725	357.154	8957.65	410.85	
0.1	910649	89351	270.745	6490.08	447.83	
0.01	984512	15488	438.396	10589.1	322.16	
0.05	953547	46453	347.287	8428.5	391.85	
0.1	911569	88431	267.405	6160.09	427.95	
0.01	984500	15500	436.785	10400.4	319.47	
0.05	953271	46729	345.821	8359.85	390.19	
0.1	911478	88522	266.349	6090.03	423.95	
0.01	984698	15302	431.694	10309.7	314.4	
0.05	953698	46302	343.282	8289.63	384.99	
0.1	912192	87808	265.828	6029.69	418.25	
0.01	984436	15564	430.568	10150.5	314.38	
0.05	953860	46140	343.091	8217.71	382.64	
0.1	912979	87021	265.29	6007.69	414.75	
0.01	984337	15663	427.69	10060.4	293.6	
0.05	953937	46063	342.284	8170.22	369.76	
0.1	912460	87540	263.093	5985.34	415.74	
0.01	984614	15386	426.278	10025.7	309.87	
0.05	954438	45562	340.998	8089.39	375.94	
0.1	912927	87073	265.124	5953.39	412.37	
0.01	984791	15209	424.377	9963.31	307.67	
0.05	954056	45944	341.346	8096.97	377.9	
0.1	912995	87005	263.29	5924.99	409.91	
0.01	984661	15339	422.848	9971.33	307.61	
0.05	954553	45447	340.556	8062.88	374.58	
0.1	913311	86689	263.17	5905.07	407.92	
0.01	984710	15290	420.484	9842.19	305.07	
0.05	954642	45358	340.449	8006	372.79	
0.1	913383	86617	264.083	5902.5	408.1	
0.01	984645	15355	418.965	9850.49	304.47	
0.05	954764	45236	341.173	8009.93	372.58	
0.1	913429	86571	263.945	5907.47	407.95	
0.01	984593	15407	418.687	9873.89	295.71	
0.05	954740	45260	341.081	8052.81	359.87	
0.1	912850	87150	263.791	5902.33	397.05	
0.01	984676	15324	422.211	9875	306.28	
0.05	954603	45397	341.93	8073.44	375.05	
0.1	912953	87047	265.934	5914.43	410.52	
0.01	984644	15356	420.973	9894.71	308.63	
0.05	954990	45010	345.638	8050.1	374.75	
0.1	912765	87235	265.422	5943.64	412.22	
0.01	984841	15159	423.726	9912.81	290.09	
0.05	954181	45819	344.117	8116.23	359.12	
0.1	913131	86869	265.274	5977.34	390.85	
0.01	984724	15276	422.567	9802.88	290.8	
0.05	955030	44970	343.337	8111.52	359.49	
0.1	912970	87030	265.693	5947.96	394.62	
0.01	985072	14928	421.562	9942.66	305.41	
0.05	954641	45359	342.931	8062.76	376.51	
0.1	912897	87103	266.596	5968.91	415.13	
0.01	985036	14964	563.246	16399.3	431.96	
0.05	956296	43704	438.48	13712.3	551.31	
0.1	914768	85232	313.892	10454.8	638.05	
0.01	985383	14617	512.632	13405.8	378.92	
0.05	958365	41635	419.905	11596.2	479.78	
0.1	917007	82993	311.391	8943.88	557.63	
0.01	985514	14486	506.869	13356	378.34	
0.05	958234	41766	418.375	11539.9	480.33	
0.1	917451	82549	310.346	9002.79	559.66	
0.01	985387	14613	516.552	14041.8	326.94	
0.05	957703	42297	414.65	12078.8	444.94	
0.1	918010	81990	308.211	9391.12	548.43	
0.01	985152	14848	507.621	13506.4	380.9	
0.05	958460	41540	414.549	11665.7	477.63	
0.1	918030	81970	307.647	9193.25	561.45	
0.01	985684	14316	494.558	13022.1	366.08	
0.05	958626	41374	409.272	11314	465.7	
0.1	918706	81294	308.402	8915.84	546.13	
0.01	985554	14446	493.283	12636.9	361.08	
0.05	959475	40525	410.894	11071.9	456.32	
0.1	918492	81508	309.146	8826.91	543.73	
0.01	985493	14507	488.374	12397.2	356.63	
0.05	959831	40169	413.089	11007.4	453.68	
0.1	919056	80944	309.617	8762.3	538.21	
0.01	985721	14279	488.896	12477.2	357.24	
0.05	959648	40352	412.029	10973.2	473.96	
0.1	918094	81906	310.77	8738.33	568.15	
0.01	985809	14191	474.899	11301.6	314.73	
0.05	960428	39572	416.674	10282.3	420.79	
0.1	918451	81549	310.537	8272.79	512.81	
0.01	985783	14217	474.078	11402.8	339.32	
0.05	960358	39642	419.197	10296.1	438.5	
0.1	917730	82270	308.737	8295.8	523.23	
0.01	985866	14134	475.693	11331.1	319.59	
0.05	960092	39908	422.627	10332.9	431.34	
0.1	917151	82849	310.506	8297.07	507.89	
0.01	985230	14770	562.65	16259.8	431.1	
0.05	956093	43907	434.914	13748.6	551.81	
0.1	914628	85372	314.198	10451	638.8	
0.01	984937	15063	555.678	15855.4	424.28	
0.05	956587	43413	430.968	13299	535.57	
0.1	915615	84385	312.914	10206.7	621.52	
0.01	985085	14915	551.937	15745.4	418.81	
0.05	956562	43438	426.621	13245.9	533.03	
0.1	915666	84334	312.182	10123.5	617.8	
0.01	984893	15107	552.38	15649.9	423.83	
0.05	956255	43745	428.347	13219.1	534.84	
0.1	915342	84658	311.161	10133.3	618.98	
0.01	984697	15303	585.416	17628	459.72	
0.05	954714	45286	435.985	14889.2	590.59	
0.1	913920	86080	313.728	11635.7	697.56	
0.01	984782	15218	589.812	17651.9	503.45	
0.05	955261	44739	437.496	14864.5	647.11	
0.1	913911	86089	313.397	11714.1	773.42	
0.01	984724	15276	597.232	17916.7	473.29	
0.05	954321	45679	439.382	14951.6	624.25	
0.1	913446	86554	315.275	11656.9	734.08	
0.01	984673	15327	610.469	18312.4	754.56	
0.05	953402	46598	446.268	15158.2	970.99	
0.1	912285	87715	319.856	11770.7	1135.63	
0.01	984294	15706	618.388	18562.3	494.55	
0.05	952931	47069	450.503	15292.7	623.82	
0.1	911419	88581	320.412	11879.4	728.32	
0.01	984285	15715	635.228	19096.4	512.19	
0.05	952589	47411	453.346	15624.6	680.68	
0.1	910292	89708	322.651	12016.9	784.25	
0.01	984248	15752	647.157	19539	484.11	
0.05	951750	48250	464.195	15915.4	623.25	
0.1	908698	91302	326.012	12208	725.53	
0.01	984016	15984	676.048	21013.5	452.35	
0.05	950708	49292	472.612	17299	565.53	
0.1	907519	92481	328.387	13606.4	669.71	
0.01	984035	15965	676.915	20907.6	595.27	
0.05	950222	49778	469.988	17328.5	776.22	
0.1	907280	92720	331.63	13639.5	910.68	
0.01	984052	15948	702.278	21568.4	558.5	
0.05	949214	50786	483.872	17603.1	732.26	
0.1	905428	94572	336.093	13766.6	868.32	
0.01	983756	16244	716.022	22065.2	479.28	
0.05	948894	51106	491.821	17847.4	593.41	
0.1	904450	95550	340.395	13868.5	704.32	
0.01	983982	16018	720.176	21957.8	351.72	
0.05	948872	51128	494.705	17711.4	456.14	
0.1	904578	95422	342.926	13748	536.91	
0.01	983722	16278	720.066	21991	580.07	
0.05	948463	51537	492.511	17796.2	754.96	
0.1	904040	95960	344.396	13755.9	888.95	
0.01	983559	16441	725.371	22201.9	561.19	
0.05	948379	51621	500.772	17872	730.97	
0.1	903160	96840	348.842	13847.2	866.64	
0.01	983702	16298	744.972	22474	593.27	
0.05	947687	52313	509.034	18016.1	771.18	
0.1	902028	97972	353.137	13835.9	905.34	
0.01	983589	16411	749.467	22619.8	597.46	
0.05	947833	52167	512.161	18072.8	773.24	
0.1	901177	98823	355.295	13792.9	910.6	
0.01	983382	16618	759.397	22726.1	582.23	
0.05	947268	52732	516.76	18149.1	749.03	
0.1	900852	99148	357.066	13898.4	871.48	
0.01	983601	16399	775.008	23067.6	614.8	
0.05	946899	53101	524.303	18269.1	794.19	
0.1	900104	99896	363.204	13985.6	932.97	
0.01	983318	16682	779.828	23022.3	613.24	
0.05	946534	53466	527.829	18367.4	803.25	
0.1	899142	100858	364.546	13954.4	939.42	
0.01	983422	16578	793.997	23751.8	633.31	
0.05	945566	54434	536.184	18652.5	824.29	
0.1	898495	101505	371.363	14170.5	958.85	
0.01	983478	16522	796.854	23945	636.74	
0.05	945051	54949	540.371	18783.2	835.45	
0.1	897375	102625	373.127	14178.1	968.37	
0.01	983131	16869	807.805	23741.8	645.45	
0.05	944790	55210	545.369	18792.2	840.92	
0.1	896993	103007	376.122	14292.5	979.23	
0.01	983363	16637	813.287	23840	645.91	
0.05	944585	55415	550.278	18803.3	845.65	
0.1	896846	103154	379.444	14243.1	979	
0.01	983364	16636	818.392	24089.6	650.48	
0.05	944651	55349	554.817	18859.5	848.86	
0.1	896161	103839	382.758	14282.9	987.88	
0.01	982956	17044	834.785	24308	667.7	
0.05	944704	55296	555.206	18965.8	852.59	
0.1	895549	104451	384.614	14319.2	996.47	
0.01	982744	17256	842.648	24722.9	678.39	
0.05	943910	56090	560.032	19177.7	868.68	
0.1	895878	104122	386.712	14512.5	1004.93	
0.01	983210	16790	840.603	24708	639.54	
0.05	944257	55743	567.348	19234	825.36	
0.1	894602	105398	389.555	14507.5	963.98	
0.01	982942	17058	844.734	24802.1	676.9	
0.05	943817	56183	566.935	19280.2	876.48	
0.1	894995	105005	389.765	14509	1013.29	
0.01	983231	16769	845.962	24866.8	1069.82	
0.05	943778	56222	565.987	19192.1	1385.3	
0.1	894938	105062	390.426	14448.7	1602.31	
0.01	982727	17273	853.249	24871.4	684.08	
0.05	943793	56207	575.405	19391.9	884.44	
0.1	894151	105849	394.964	14541.8	1024.21	
0.01	982982	17018	854.917	24761.5	680.67	
0.05	943490	56510	575.353	19361	885.93	
0.1	893899	106101	396.184	14433.6	1020.26	
0.01	983076	16924	866.442	25317.6	699.58	
0.05	943535	56465	577.589	19622.2	895.05	
0.1	893397	106603	402.159	14650.7	1046.52	
0.01	983019	16981	874.111	25354.9	696.56	
0.05	943251	56749	581.98	19624.1	900.08	
0.1	893297	106703	402.509	14737.9	1045.18	
0.01	982979	17021	871.46	25574.3	697.64	
0.05	942755	57245	588.31	19677.9	910.3	
0.1	892759	107241	406.165	14779	1053.87	
0.01	984409	15591	444.502	10685.2	327.69	
0.05	954028	45972	352.632	8603.08	397.81	
0.1	911532	88468	269.612	6264.94	435.3	
0.01	984280	15720	447.391	10690.4	329.75	
0.05	953554	46446	351.539	8632.92	400.84	
0.1	911628	88372	270.406	6299.03	436.98	
0.01	984349	15651	443.903	10563.5	326.06	
0.05	953368	46632	351.51	8546.77	399.21	
0.1	911582	88418	268.569	6256.04	433.83	
0.01	984475	15525	444.035	10701	326.79	
0.05	953490	46510	352.525	8597.24	399.79	
0.1	911451	88549	269.186	6275.79	435.59	
0.01	984410	15590	440.874	10563.6	314.1	
0.05	954047	45953	349.228	8523.42	380.19	
0.1	912334	87666	268.974	6221.66	417.41	
0.01	984740	15260	435.236	10335.6	328.67	
0.05	954049	45951	348.318	8443.1	398.52	
0.1	912577	87423	268.233	6184.32	435.57	
0.01	984684	15316	435.571	10273.3	402.75	
0.05	954424	45576	348.238	8384.36	492.26	
0.1	912818	87182	267.959	6149.38	538.61	
0.01	984832	15168	432.764	10217.5	609.04	
0.05	954669	45331	346.719	8325.48	752.8	
0.1	912876	87124	267.311	6134.13	831.86	
0.01	984713	15287	427.108	9956.98	326.55	
0.05	955057	44943	346.383	8210.3	408.23	
0.1	914043	85957	268.59	6075.94	440.89	
0.01	984789	15211	425.496	10020.9	331.46	
0.05	955453	44547	345.805	8196.14	407.8	
0.1	914056	85944	268.015	6061.8	444.58	
0.01	984684	15316	425.983	10046.2	259.32	
0.05	954677	45323	343.01	8212.78	305.51	
0.1	913704	86296	266.978	6046.98	321.48	
0.01	984808	15192	424.481	10004.3	293.81	
0.05	955162	44838	345.792	8217.57	362.96	
0.1	914133	85867	266.958	6071.57	409.78	
0.01	984749	15251	428.095	9879.95	293.21	
0.05	955482	44518	344.215	8155.95	355.86	
0.1	913635	86365	266.558	6043.81	394.15	
0.01	984838	15162	424.177	9956.47	392.56	
0.05	955202	44798	344.449	8141.84	478.6	
0.1	913514	86486	266.805	6039.38	529.42	
0.01	985120	14880	423.105	9896.11	305.09	
0.05	955478	44522	343.483	8128.74	374.64	
0.1	913863	86137	266.687	6028.38	414.77	
0.01	984965	15035	420.942	9849.28	305.71	
0.05	955216	44784	346.12	8158.02	379.56	
0.1	913981	86019	266.959	6037.61	416.82	
0.01	984874	15126	423.139	9792.96	307.31	
0.05	955558	44442	344.002	8107.48	376.09	
0.1	914307	85693	268.149	6008.48	415.25	
0.01	984826	15174	419.474	9906.99	305.19	
0.05	955691	44309	344.855	8070.03	373.5	
0.1	914327	85673	267.231	6017.87	413.63	
0.01	984970	15030	419.61	9807.75	303.47	
0.05	955750	44250	342.635	8095.15	372.37	
0.1	914236	85764	268.111	5992.29	412.75	
0.01	984991	15009	422.531	9842.1	305.05	
0.05	955470	44530	344.182	8115.03	374.7	
0.1	913905	86095	267.735	6020.28	414.77	
0.01	984903	15097	424.494	10083.1	309.78	
0.05	955501	44499	345.596	8185.64	378.58	
0.1	914024	85976	267.043	6053.57	417.34	
0.01	984699	15301	431.222	10077	300.62	
0.05	955216	44784	345.936	8204.99	363.05	
0.1	913507	86493	267.955	6072.15	396.84	
0.01	984765	15235	429.201	10131.8	312.23	
0.05	954892	45108	347.434	8264.77	382.65	
0.1	913921	86079	267.825	6083.78	417.84	
0.01	984914	15086	433.03	10179.3	313.84	
0.05	954407	45593	348.019	8342.6	386.94	
0.1	913395	86605	269.15	6144.83	422.93	
0.01	984645	15355	441.183	10452.3	322.02	
0.05	954339	45661	349.716	8438.85	390.6	
0.1	912441	87559	268.699	6212.79	429.16	
0.01	984654	15346	441.187	10555.8	408.62	
0.05	953805	46195	352.82	8570.76	502.57	
0.1	911899	88101	269.685	6236.01	549.5	
0.01	984618	15382	446.063	10725	327.78	
0.05	953167	46833	353.537	8629.08	402.71	
0.1	911455	88545	270.76	6264.19	435.85	
0.01	984468	15532	447.021	10831.6	329.86	
0.05	952826	47174	355.584	8663.38	406.42	
0.1	910953	89047	271.147	6316.79	440.55	
0.01	984201	15799	453.596	10896.8	335.23	
0.05	953140	46860	357.445	8755.65	408	
0.1	910505	89495	271.993	6346.43	443.41	
0.01	984343	15657	456.457	11048.8	336.84	
0.05	952918	47082	358.871	8838.02	411.82	
0.1	910157	89843	272.581	6406.67	447.88	
0.01	984268	15732	461.028	11162.9	341.04	
0.05	952467	47533	360.461	8953.87	417.75	
0.1	909366	90634	274.49	6451.28	453.71	
0.01	984129	15871	466.613	11395.6	346.86	
0.05	952396	47604	358.242	9006.06	418.24	
0.1	908940	91060	274.532	6516.96	458.42	
0.01	984262	15738	465.593	11357	345.03	
0.05	951537	48463	362.444	9037.84	425.16	
0.1	909023	90977	274.938	6540.32	459.35	
0.01	984124	15876	470.161	11565.5	350.32	
0.05	951588	48412	364.183	9125.5	428.95	
0.1	908336	91664	278.713	6600.66	467.4	
0.01	984174	15826	473.336	11618.7	333.28	
0.05	951533	48467	367.568	9179.43	409.11	
0.1	908049	91951	278.036	6622.82	445.72	
0.01	984100	15900	477.831	11687.3	355.6	
0.05	951280	48720	367.814	9248.08	435.37	
0.1	907561	92439	278.213	6628.4	471.05	
0.01	984196	15804	479.127	11836.2	356.67	
0.05	951474	48526	370.155	9282.64	435.8	
0.1	906925	93075	279.191	6665.83	474.86	
0.01	984197	15803	485.142	11885.3	360.22	
0.05	950734	49266	371.769	9336.47	441.69	
0.1	907623	92377	279.784	6717.88	475.3	
0.01	984094	15906	487.079	11874.5	361.81	
0.05	950677	49323	373.401	9352.64	443.29	
0.1	907127	92873	281.946	6720.28	478.28	
0.01	984111	15889	491.765	11911.6	363.61	
0.05	950798	49202	374.975	9362.29	443.79	
0.1	906577	93423	281.904	6745.25	481.48	
0.01	984176	15824	487.439	11962	362.19	
0.05	950600	49400	374.819	9449.56	446.98	
0.1	906389	93611	283.568	6775.84	484.48	
0.01	984155	15845	494.15	12086.6	367.07	
0.05	950331	49669	378.655	9467.46	450.88	
0.1	906093	93907	285.25	6804.45	487.93	
0.01	984133	15867	493.566	12077.9	716.33	
0.05	950748	49252	379.459	9484.37	879.53	
0.1	906840	93160	284.738	6810.46	961.04	
0.01	983902	16098	496.742	12324.1	381.45	
0.05	950074	49926	379.56	9500.78	453.75	
0.1	905755	94245	285.797	6813.76	489.31	
0.01	983694	16306	499.103	12179.6	331.14	
0.05	950211	49789	379.86	9517.15	430.35	
0.1	905626	94374	286.612	6828.69	489.84	
0.01	983713	16287	497.64	12167.4	363.63	
0.05	950142	49858	378.019	9504.82	435.27	
0.1	906064	93936	286.598	6823.46	480.57	
0.01	983986	16014	499.095	12140	354.47	
0.05	950089	49911	380.574	9558.95	440.18	
0.1	906086	93914	285.692	6866.81	491.4	
0.01	983723	16277	496.728	12270.7	337.53	
0.05	949892	50108	380.709	9551.04	439.85	
0.1	906207	93793	287.179	6834.14	471.41	
0.01	983773	16227	501.203	12245.9	362.6	
0.05	949900	50100	380.972	9554.68	456.01	
0.1	905557	94443	286.592	6836.25	492.55	
0.01	983900	16100	501.278	12215.9	353.75	
0.05	950410	49590	382.255	9587.42	431.4	
0.1	905650	94350	288.587	6834.24	466.34	
0.01	984122	15878	521.236	13068.1	367.43	
0.05	950880	49120	398.032	10278.6	452.2	
0.1	906752	93248	299.071	7340.37	489.88	
0.01	984059	15941	516.041	12922.1	441.76	
0.05	951094	48906	395.922	10155.8	543.41	
0.1	907707	92293	295.812	7295.19	587.3	
0.01	984291	15709	509.278	12713.5	310.81	
0.05	951482	48518	393.239	10097.1	360.5	
0.1	908758	91242	293.931	7250.49	387.8	
0.01	984200	15800	508.343	12595.9	396.74	
0.05	951934	48066	389.699	10044.8	486.86	
0.1	908492	91508	294.27	7221.22	534.64	
0.01	984363	15637	503.976	12596.9	373.13	
0.05	952170	47830	384.8	9948.14	454.97	
0.1	909328	90672	290.509	7164.13	494.05	
0.01	984331	15669	495.858	12374	367.17	
0.05	952795	47205	384.666	9870.68	449.75	
0.1	909580	90420	288.569	7094.18	488.94	
0.01	984551	15449	493.318	12252.7	363.49	
0.05	952739	47261	381.691	9788.26	446.5	
0.1	909595	90405	289.422	7068.51	488.03	
0.01	984257	15743	487.554	12218.5	362.19	
0.05	952993	47007	379.417	9731.63	442.42	
0.1	909732	90268	288.077	7022.15	484.47	
0.01	984648	15352	485.116	12081	357.71	
0.05	952892	47108	380.132	9660.9	441.68	
0.1	910901	89099	287.864	6978.8	478.16	
0.01	984537	15463	480.47	11884.6	354.07	
0.05	953351	46649	379.044	9534.86	435.91	
0.1	910559	89441	285.758	6935.07	476.65	
0.01	984449	15551	479.383	11840.4	353.42	
0.05	953111	46889	377.983	9503.41	435.27	
0.1	910789	89211	285.98	6906.58	473.97	
0.01	984568	15432	477.672	11734.2	350.93	
0.05	953421	46579	377.135	9467.4	432.38	
0.1	911328	88672	285.314	6891.14	470.98	
0.01	984559	15441	471.571	11625.2	346.81	
0.05	953792	46208	374.517	9325.95	425.65	
0.1	911669	88331	284.36	6822.42	465.98	
0.01	984835	15165	473.726	11608.6	346.09	
0.05	953331	46669	376.85	9349.38	429.66	
0.1	911058	88942	286.429	6844.8	470.23	
0.01	984610	15390	476.009	11683.5	349.46	
0.05	953113	46887	377.538	9429.41	433.23	
0.1	911192	88808	287.183	6875.4	471.69	
0.01	984647	15353	476.578	11654.3	349.04	
0.05	953488	46512	377.548	9438.35	431.59	
0.1	910977	89023	286.032	6909.62	473.55	
0.01	984677	15323	474.742	11685.4	348.34	
0.05	953489	46511	377.365	9469.92	432.16	
0.1	911094	88906	286.546	6913.94	473.47	
0.01	984502	15498	470.361	11646	346.57	
0.05	953577	46423	375.08	9412.15	429.11	
0.1	911186	88814	285.664	6872.49	470.69	
0.01	984418	15582	475.894	11719.3	350.66	
0.05	953772	46228	377.734	9501.98	431.58	
0.1	911219	88781	287.021	6941.46	474.37	
0.01	984597	15403	479.246	11769.9	351.63	
0.05	953779	46221	382.072	9648.05	437.36	
0.1	910602	89398	287.255	7048.13	481.79	
0.01	984668	15332	480.469	11935.8	353.43	
0.05	953570	46430	381.432	9691.67	439.3	
0.1	910902	89098	287.073	7095.32	482.97	
0.01	984664	15336	482.287	12132.8	355.61	
0.05	953295	46705	384.582	9779.53	444.36	
0.1	910666	89334	287.294	7178.55	487.8	
0.01	984699	15301	482.675	12100.1	355.14	
0.05	953551	46449	383.342	9849.67	443.96	
0.1	910381	89619	288.359	7198.29	490.14	
0.01	984683	15317	480.209	12125.2	354.53	
0.05	953819	46181	383.082	9743.99	440.21	
0.1	910532	89468	287.9	7172.06	488.48	
0.01	984738	15262	489.857	12309.7	360.47	
0.05	953516	46484	386.155	10082.7	451.51	
0.1	909918	90082	288.81	7356.65	499.85	
0.01	984584	15416	486.784	12176.1	359.03	
0.05	953693	46307	386.463	9973.48	448.43	
0.1	910198	89802	289.824	7290.74	496.58	
0.01	984619	15381	490.256	12401.6	348.53	
0.05	953529	46471	386.098	10150.3	437.38	
0.1	910230	89770	289.678	7404.71	480.83	
0.01	984733	15267	490.556	12645.3	348.91	
0.05	953977	46023	390.963	10297.3	448.02	
0.1	909467	90533	288.942	7518.4	510.28	
0.01	984404	15596	493.964	12712.1	368.61	
0.05	953787	46213	390.924	10394.4	462.06	
0.1	909677	90323	287.842	7575.19	512.33	
0.01	984711	15289	495.531	12808.2	348.29	
0.05	953540	46460	392.091	10428.9	438.54	
0.1	909882	90118	290.613	7627.07	488.63	
0.01	984012	15988	528.687	13241.1	394.87	
0.05	950460	49540	402.915	10380.1	484.85	
0.1	906850	93150	302.145	7444.25	523.27	
0.01	984069	15931	530.657	13358.1	777.25	
0.05	950789	49211	407.168	10391.2	975.01	
0.1	905928	94072	303.791	7448.73	1117.14	
0.01	983982	16018	536.053	13362.5	383.34	
0.05	949926	50074	407.726	10488	469.03	
0.1	905925	94075	306.585	7484.71	503.21	
0.01	984160	15840	542.378	13577.3	403.83	
0.05	950119	49881	411.267	10560.2	495.68	
0.1	905087	94913	307.584	7536.83	537.33	
0.01	983860	16140	549.549	13510.9	409.46	
0.05	949870	50130	411.7	10638.2	499.8	
0.1	904736	95264	308.281	7564.78	540.9	
0.01	984060	15940	548.026	13663.8	791.31	
0.05	949779	50221	413.928	10680.8	999.07	
0.1	904848	95152	310.292	7608.49	1141.59	
0.01	984050	15950	550.38	13749.7	518.01	
0.05	949419	50581	418.974	10667.3	638.32	
0.1	904261	95739	312.827	7621.68	695.16	
0.01	983813	16187	555.651	13819	525.68	
0.05	949138	50862	419.339	10711	645.94	
0.1	904108	95892	315.87	7648.6	700.23	
0.01	983745	16255	557.174	13791.8	399.99	
0.05	948796	51204	422.202	10771.8	489	
0.1	904141	95859	315.318	7667.46	523.44	
0.01	983817	16183	561.653	13926.2	436.11	
0.05	948939	51061	427.52	10779.2	548.71	
0.1	903756	96244	318.128	7685.88	594.59	
0.01	983646	16354	569.064	13983.5	426.34	
0.05	948605	51395	428.425	10845.6	522.74	
0.1	903282	96718	318.713	7717.88	559.48	
0.01	983927	16073	564.79	14084.6	420.98	
0.05	948768	51232	427.973	10848.5	519.53	
0.1	902766	97234	320.618	7742.6	563.49	
0.01	984008	15992	568.254	14179.3	423.43	
0.05	948303	51697	431.659	10927.3	526.78	
0.1	902590	97410	322.39	7772.61	567.21	
0.01	983722	16278	572.404	14163.9	427.27	
0.05	948954	51046	431.156	10987	523.98	
0.1	902894	97106	323.3	7772	565.86	
0.01	983840	16160	576.55	14353.8	430.17	
0.05	948541	51459	436.445	10982.5	528.84	
0.1	902086	97914	324.213	7815.2	571.79	
0.01	983779	16221	576.497	14243.5	430.01	
0.05	948223	51777	434.372	11022.5	531.2	
0.1	902341	97659	325.199	7825.53	572.2	
0.01	983902	16098	576.189	14373.6	429.74	
0.05	948621	51379	435.822	11051.2	530.1	
0.1	902448	97552	326.235	7837.12	572.54	
0.01	983494	16506	582.41	14397.5	436.38	
0.05	948258	51742	439.546	11034.8	533.66	
0.1	902186	97814	326.166	7870.37	575.41	
0.01	983671	16329	581.51	14403.4	434.47	
0.05	948057	51943	438.407	11118.3	536.42	
0.1	901826	98174	329.107	7921.16	580.84	
0.01	983729	16271	584.212	14418.7	435.76	
0.05	948027	51973	440.755	11138.4	538.55	
0.1	901548	98452	328.575	7922.66	582	
0.01	984098	15902	537.785	13601.1	401.04	
0.05	950714	49286	411.438	10614.7	493.43	
0.1	907368	92632	308.694	7618.79	532.51	
0.01	984377	15623	538.403	13552.2	398.61	
0.05	951213	48787	410.942	10657.6	491.05	
0.1	907269	92731	309.656	7605.84	532.16	
0.01	984091	15909	539.601	13519.1	635.42	
0.05	950983	49017	414.278	10627.1	781.71	
0.1	907314	92686	310.629	7605.66	843.8	
0.01	984007	15993	542.8	13622.7	400.53	
0.05	950770	49230	416.337	10656.6	489.65	
0.1	906587	93413	311.623	7622.03	539.35	
0.01	983961	16039	547.68	13709.7	408.77	
0.05	951109	48891	418.069	10747.2	497.83	
0.1	906355	93645	314.561	7668.43	541.58	
0.01	984055	15945	544.789	13753.1	406.92	
0.05	950359	49641	417.993	10694.9	500.42	
0.1	905695	94305	314.344	7671.52	544.08	
0.01	984094	15906	549.903	13777.3	409.33	
0.05	950425	49575	420.68	10759.3	503.27	
0.1	906627	93373	315.32	7689.87	541.85	
0.01	984070	15930	553.879	13959.7	413.3	
0.05	950484	49516	422.318	10857.9	506.5	
0.1	905469	94531	316.704	7717.25	548.65	
0.01	984052	15948	556.499	13862.9	413.81	
0.05	949818	50182	425.359	10846	511.35	
0.1	905349	94651	319.934	7717.52	550.55	
0.01	983891	16109	559.269	14006.7	417.58	
0.05	950168	49832	427.422	10873.2	511.15	
0.1	905050	94950	320.395	7750.8	553.66	
0.01	983943	16057	562.334	13846	418.17	
0.05	949598	50402	426.174	10883.2	514.23	
0.1	904759	95241	320.617	7744.54	554.93	
0.01	983991	16009	558.808	13997.9	417.17	
0.05	950069	49931	428.325	10840	511.58	
0.1	905099	94901	322.447	7739.69	554.25	
0.01	983828	16172	565.805	13966.7	398.67	
0.05	949518	50482	429.614	10908.4	491.36	
0.1	904681	95319	323.931	7749.51	527.48	
0.01	983924	16076	564.267	14134.1	422.28	
0.05	949502	50498	432.971	10950.1	520.1	
0.1	903649	96351	324.89	7794.6	564.07	
0.01	983948	16052	567.78	14166.9	407.53	
0.05	949454	50546	434.136	10978.9	503.45	
0.1	903994	96006	327.427	7802.93	542.52	
0.01	984090	15910	572.334	14128.8	424.8	
0.05	949147	50853	434.743	10958	523.24	
0.1	904236	95764	325.504	7796.87	562.07	
0.01	983717	16283	570.004	14124.9	425.01	
0.05	949385	50615	433.179	10958.7	520.99	
0.1	903877	96123	326.077	7820.88	564.94	
0.01	983984	16016	570.977	14165.4	425.14	
0.05	949390	50610	435.222	10981.1	522.8	
0.1	904017	95983	326.125	7833.6	565.29	
0.01	984006	15994	572.656	14229.3	425.35	
0.05	949351	50649	435.16	11008.2	522.68	
0.1	904697	95303	327.069	7843.86	562.33	
0.01	983941	16059	576.309	14199.2	427.8	
0.05	949586	50414	436.358	11104.1	526.36	
0.1	903851	96149	327.821	7876.97	570.79	
0.01	983997	16003	572.44	14214.1	425.35	
0.05	949258	50742	435.886	11042.9	525.96	
0.1	903839	96161	327.964	7877.03	569.55	
0.01	983973	16027	578.469	14295.6	837.34	
0.05	949009	50991	436.542	11108.3	1034.63	
0.1	903777	96223	329.541	7918.02	1139.56	
0.01	984095	15905	579.172	14492.8	430.33	
0.05	948881	51119	440.192	11226.3	534.76	
0.1	903970	96030	330.177	8000.39	575.78	
0.01	984024	15976	579.088	14413.2	430.48	
0.05	949212	50788	439.713	11190.1	531.96	
0.1	904227	95773	329.573	7941.81	571.41	
0.01	983857	16143	576.179	14488.5	430.8	
0.05	949300	50700	441.75	11266.9	534.57	
0.1	903724	96276	330.877	7995.4	577.04	
0.01	983796	16204	581.379	14497.6	851.31	
0.05	949467	50533	439.963	11177.8	1039.31	
0.1	903636	96364	331.244	7957.06	1188.18	
0.01	983779	16221	577.977	14368.1	431.28	
0.05	949273	50727	440.017	11214.3	532.32	
0.1	903845	96155	329.627	7952.72	573.63	
0.01	984081	15919	582.589	14518	432.54	
0.05	949310	50690	440.134	11216.3	531.98	
0.1	903853	96147	330.311	7988.69	575.57	
0.01	984125	15875	532.138	13397.4	507.38	
0.05	951450	48550	410.151	10551.6	618.83	
0.1	907654	92346	306.243	7538.64	672.64	
0	0	0	nan	nan	0	
0	0	0	nan	nan	0	
0	0	0	nan	nan	0	
0.01	984088	15912	523.099	13105.1	491.21	
0.05	951448	48552	401.573	10385	601.93	
0.1	908762	91238	302.51	7461.08	647.03	
0.01	984272	15728	520.167	13159	612.3	
0.05	952059	47941	399.284	10416.1	751.3	
0.1	908813	91187	301.612	7466.74	816.58	
0.01	984194	15806	515.009	13045.5	383.53	
0.05	951830	48170	399.473	10351.2	474.21	
0.1	908977	91023	299.957	7430.84	512.55	
0.01	984395	15605	511.561	12853.2	380	
0.05	952297	47703	397.154	10239.9	469.2	
0.1	909155	90845	299.029	7368.91	510.05	
0.01	984327	15673	510.072	12918.7	380.82	
0.05	952196	47804	397.718	10258.3	468.95	
0.1	909756	90244	297.506	7362.16	504.97	
0.01	984538	15462	506.006	12686.5	373.29	
0.05	952531	47469	393.523	10133.8	461.6	
0.1	909751	90249	296.598	7285	500.4	
0.01	984525	15475	503.124	12710.3	371.99	
0.05	952531	47469	392.767	10141.8	461.4	
0.1	909604	90396	297.559	7301.67	502.25	
0.01	984478	15522	502.731	12697.3	373.57	
0.05	952895	47105	390.638	10044.6	455.9	
0.1	909586	90414	296.043	7286.28	500.99	
0.01	984367	15633	501.862	12725.3	351.86	
0.05	952152	47848	393.293	10111.7	462.68	
0.1	909743	90257	297.329	7287.99	501.13	
0.01	984292	15708	501.479	12545.8	359.66	
0.05	952623	47377	390.974	10067.5	443.77	
0.1	910034	89966	295.529	7285.42	480.77	
0.01	984232	15768	497.611	12518.1	369.84	
0.05	952963	47037	390.644	9985.05	454.57	
0.1	910856	89144	294.96	7221.54	492.91	
0.01	984511	15489	496.523	12479.9	368.07	
0.05	953033	46967	390.189	9997.54	453.61	
0.1	910543	89457	293.237	7236.64	493.39	
0.01	984385	15615	496.1	12467.9	355.7	
0.05	953126	46874	391.811	9957.06	437.59	
0.1	910399	89601	294.863	7245.39	476.56	
0.01	984589	15411	498.581	12606.5	369.11	
0.05	952974	47026	391.823	10046.7	455.58	
0.1	910178	89822	295.034	7295.08	498.09	
0.01	984575	15425	499.239	12619.4	370.55	
0.05	952922	47078	391.759	10108	457.94	
0.1	910436	89564	296.189	7338.55	500.34	
0.01	984529	15471	502.323	12799.2	373.8	
0.05	952994	47006	393.492	10214.9	460.73	
0.1	910230	89770	295.99	7391.82	503.14	
0.01	984485	15515	503.528	12758.8	278.55	
0.05	953329	46671	394.093	10189.8	346.38	
0.1	910541	89459	298.63	7414.84	379.17	
0.01	984396	15604	500.845	12629.1	403.22	
0.05	953006	46994	397.322	10207.2	509.08	
0.1	910681	89319	296.987	7396.21	561.23	
0.01	984389	15611	513.191	13048.6	369	
0.05	953096	46904	397.56	10521	454.01	
0.1	910823	89177	299.814	7598.78	490.65	
0.01	984615	15385	513.876	13149.2	438.86	
0.05	952720	47280	399.207	10557.7	545.01	
0.1	910035	89965	300.713	7681.97	600.32	
