0.01	986386	13614	340.995	7371.78	283.78	
0.05	966857	33143	306.865	6496.07	345.1	
0.1	938695	61305	255.272	5248.19	380.78	
0.01	986489	13511	341.585	7301.8	290.99	
0.05	967038	32962	304.077	6552.32	347.22	
0.1	938747	61253	255.206	5245.04	387.32	
0.01	986443	13557	340.463	7280.07	270.63	
0.05	966951	33049	303.484	6531.98	321.59	
0.1	939051	60949	253.134	5245.41	354.09	
0.01	986419	13581	339.687	7298.74	259.06	
0.05	967205	32795	302.112	6487.57	306.04	
0.1	938601	61399	251.321	5233.18	341.48	
0.01	986418	13582	338.268	7343.66	279.14	
0.05	967064	32936	300.834	6543.32	335.51	
0.1	938609	61391	250.174	5227.66	376.6	
0.01	986585	13415	336.446	7259.42	267.38	
0.05	967051	32949	301.059	6517.61	318.23	
0.1	938836	61164	249.938	5217.96	349.98	
0.01	986527	13473	335.723	7304.71	255.43	
0.05	966801	33199	299.458	6505.96	305.37	
0.1	938972	61028	248.94	5200.57	336.73	
0.01	986414	13586	335.502	7325.91	567.32	
0.05	967015	32985	298.357	6487.56	686.17	
0.1	938822	61178	248.083	5205.46	750.83	
0.01	986305	13695	335.502	7348.2	345.09	
0.05	967143	32857	298.712	6496.44	409.77	
0.1	939114	60886	246.879	5214.73	455.68	
0.01	986231	13769	335.296	7290.65	276.76	
0.05	967103	32897	295.339	6533.99	330.3	
0.1	938533	61467	246.403	5192.39	371.08	
0.01	986261	13739	333.549	7329.53	256.36	
0.05	967084	32916	295.497	6499.12	302.43	
0.1	939112	60888	244.469	5181.06	333.47	
0.01	986290	13710	332.583	7324.33	272.16	
0.05	966880	33120	294.362	6504.12	324.85	
0.1	938840	61160	242.929	5200.54	361.31	
0.01	986509	13491	333.207	7367.5	246.04	
0.05	966958	33042	292.521	6494.88	289.71	
0.1	939001	60999	243.182	5191.9	320.03	
0.01	986387	13613	331.213	7284.92	341.78	
0.05	966994	33006	293.316	6515.59	408.79	
0.1	938670	61330	242.604	5184.04	455.37	
0.01	986333	13667	334.095	7302.12	255.11	
0.05	966499	33501	292.972	6494.96	303.12	
0.1	938947	61053	242.497	5207.17	333.85	
0.01	986413	13587	332.929	7310.75	253.63	
0.05	966851	33149	292.835	6516.54	302.26	
0.1	938180	61820	241.399	5205.1	334.91	
0.01	986291	13709	330.567	7349.97	246.17	
0.05	966781	33219	292.085	6525.31	290.39	
0.1	938604	61396	241.867	5217.32	322.11	
0.01	986405	13595	330.934	7392.04	343.3	
0.05	966910	33090	292.531	6529.7	408.67	
0.1	938456	61544	241.638	5216.29	456.95	
0.01	986372	13628	330.885	7416.98	254.27	
0.05	966735	33265	293.146	6510.8	302.48	
0.1	938275	61725	240.015	5215.64	323.95	
0.01	986572	13428	330.201	7365.66	339.58	
0.05	966730	33270	292.271	6554.52	409.29	
0.1	938395	61605	239.317	5215.6	453.58	
0.01	986444	13556	329.717	7379.01	520.18	
0.05	966662	33338	290.728	6543.52	632.26	
0.1	938488	61512	238.454	5219.23	734.48	
0.01	986245	13755	332.261	7296.85	258.22	
0.05	966546	33454	290.476	6536.66	307.82	
0.1	938548	61452	239.008	5217.29	341.41	
0.01	986436	13564	332.207	7407.42	516.8	
0.05	966892	33108	290.656	6559	608.14	
0.1	938200	61800	237.818	5231.65	707.95	
0.01	986365	13635	330.755	7403.96	270.09	
0.05	966764	33236	291.439	6588.71	323.34	
0.1	938038	61962	239.251	5252.37	361.05	
0.01	986381	13619	332.731	7530.02	255.68	
0.05	966631	33369	293.064	6628.24	302.82	
0.1	938083	61917	239.477	5287.88	340.9	
0.01	986460	13540	332.404	7445.72	255.11	
0.05	966862	33138	291.879	6614.97	303.63	
0.1	937615	62385	238.969	5282.98	338.91	
0.01	986320	13680	333.563	7466.08	257.43	
0.05	966708	33292	292.295	6659.86	304.75	
0.1	937737	62263	238.397	5296.9	338.4	
0.01	986231	13769	334.609	7515.17	261.78	
0.05	966321	33679	291.575	6671.65	313.17	
0.1	937937	62063	238.149	5299.86	347.98	
0.01	986147	13853	334.684	7559.06	352.66	
0.05	966278	33722	292.541	6715.94	422.3	
0.1	937903	62097	238.978	5352.29	471.57	
0.01	986279	13721	334.392	7577.64	529.32	
0.05	966448	33552	293.023	6702.83	629.44	
0.1	937471	62529	239.33	5372.24	705	
0.01	986372	13628	333.869	7602.32	436.05	
0.05	966430	33570	292.793	6692.38	522.85	
0.1	937942	62058	238.82	5333.15	581.62	
0.01	986510	13490	345.42	7287.6	267.17	
0.05	967274	32726	307.603	6535.88	317.21	
0.1	938338	61662	258.321	5259.14	358.15	
0.01	986459	13541	346.778	7360.7	262.78	
0.05	966866	33134	310.086	6559.8	312.24	
0.1	938447	61553	259.505	5264.08	347.04	
0.01	986408	13592	345.56	7366.18	569.72	
0.05	966981	33019	313.394	6559.87	637.71	
0.1	938004	61996	261.856	5273.19	712.3	
0.01	986206	13794	349.805	7326.83	264.64	
0.05	967244	32756	314.641	6530.37	312.53	
0.1	938383	61617	263.063	5276.7	348.89	
0.01	986310	13690	351.844	7351.61	268.16	
0.05	967139	32861	315.558	6551.62	337.35	
0.1	937918	62082	264.432	5284.84	376.66	
0.01	986388	13612	353.69	7389.41	283.26	
0.05	967089	32911	315.741	6547.16	335.11	
0.1	938656	61344	267.022	5293.29	376.57	
0.01	986350	13650	356.224	7392.31	365.66	
0.05	966799	33201	320.253	6585.28	438.93	
0.1	937897	62103	269.513	5322.7	494.34	
0.01	986334	13666	358.713	7349.48	270.06	
0.05	966915	33085	323.778	6621.88	321.62	
0.1	937749	62251	272.951	5370.8	360.02	
0.01	986356	13644	360.986	7419.17	289.05	
0.05	967113	32887	324.513	6613.38	343.03	
0.1	937572	62428	274.37	5352.26	388.85	
0.01	986390	13610	365.303	7476.97	293.17	
0.05	966830	33170	331.448	6706	352.4	
0.1	937030	62970	281.114	5429.85	400.64	
0.01	986306	13694	370.114	7688.63	296.59	
0.05	966404	33596	339.096	6842.04	359.17	
0.1	935328	64672	288.107	5548.94	412.19	
0.01	986401	13599	375.87	7648	387.22	
0.05	966313	33687	342.578	6910.2	470.21	
0.1	935784	64216	290.922	5592.93	537.54	
0.01	986452	13548	385.497	7870.31	307.48	
0.05	965790	34210	352.936	7084.4	376.78	
0.1	934266	65734	295.939	5754.98	430.93	
0.01	986432	13568	390.374	8073.08	310.94	
0.05	965793	34207	358.04	7177.71	379.74	
0.1	933601	66399	301.873	5851.27	438.05	
0.01	986314	13686	400.564	8288.86	302.24	
0.05	965267	34733	367.419	7442.44	370.27	
0.1	931867	68133	304.79	6076.57	426.35	
0.01	986464	13536	408.774	8548.58	297	
0.05	965225	34775	375.508	7696.47	369.87	
0.1	930848	69152	310.286	6274.94	442.7	
0.01	986432	13568	421.058	8971.64	311.03	
0.05	964276	35724	384.873	8075.9	398.32	
0.1	928973	71027	309.958	6554.52	459.62	
0.01	986212	13788	427.281	9379.23	327.99	
0.05	963663	36337	391.93	8443.57	414	
0.1	927944	72056	311.875	6838.9	478.23	
0.01	986071	13929	440.459	10069.8	364.42	
0.05	962841	37159	399.161	9007.85	466.49	
0.1	925375	74625	311.654	7211.83	546.23	
0.01	986378	13622	374.35	8303.26	364.25	
0.05	966505	33495	331.071	7335.85	434.02	
0.1	937703	62297	272.727	5842.72	481.44	
0.01	986269	13731	374.067	8244.7	288.67	
0.05	966685	33315	332.248	7316.67	344.17	
0.1	937738	62262	274.509	5851.6	383.75	
0.01	986232	13768	377.174	8226.71	289.1	
0.05	966511	33489	335.487	7326.87	344.32	
0.1	937600	62400	276.704	5855.64	382.17	
0.01	986410	13590	378.943	8271.38	570.19	
0.05	966267	33733	335.836	7353.71	676.43	
0.1	937613	62387	277.925	5881.88	742.48	
0.01	986370	13630	380.934	8302.28	290.87	
0.05	966552	33448	338.036	7430.66	347.52	
0.1	937803	62197	281.471	5889.03	384.99	
0.01	986263	13737	382.616	8261.85	291.27	
0.05	966655	33345	341.087	7355.3	351.85	
0.1	937215	62785	283.573	5885.87	392.26	
0.01	986468	13532	383.218	8198.73	290.22	
0.05	966651	33349	339.43	7379.6	345.83	
0.1	937417	62583	285.655	5900.72	388.05	
0.01	986377	13623	384.12	8231.14	293.25	
0.05	966645	33355	342.181	7382.27	350.43	
0.1	937555	62445	286.924	5888.34	391.99	
0.01	986526	13474	384.428	8273.71	292.14	
0.05	966440	33560	344.716	7369.95	349.48	
0.1	938092	61908	287.442	5910.98	386.81	
0.01	986449	13551	389.2	8286.39	370.16	
0.05	966719	33281	347.612	7342.41	439.78	
0.1	937660	62340	289.7	5912.26	486.99	
0.01	986228	13772	388.599	8252.48	369.13	
0.05	966172	33828	348.642	7405.04	442.96	
0.1	937190	62810	292.622	5924.47	489.48	
0.01	986434	13566	392.158	8271.18	298.2	
0.05	966651	33349	352.483	7438.64	358.06	
0.1	937140	62860	295.718	5960.29	402.11	
0.01	986440	13560	398.101	8407.43	594.04	
0.05	966377	33623	359.495	7508.65	710.86	
0.1	936639	63361	301.121	6044.75	844.74	
0.01	986547	13453	399.098	8416.91	380.93	
0.05	966645	33355	360.018	7507.71	456.67	
0.1	937113	62887	302.612	6051.2	513.81	
0.01	986277	13723	406.216	8559.76	307.76	
0.05	966418	33582	367.928	7618.33	368.58	
0.1	936579	63421	310.466	6154.33	415.62	
0.01	986256	13744	408.903	8516.49	296.28	
0.05	966408	33592	372.055	7586.37	352.93	
0.1	936013	63987	313.576	6143.33	397.3	
0.01	986447	13553	415.289	8717.67	390.53	
0.05	966328	33672	377.223	7712.18	473.69	
0.1	935624	64376	317.1	6270.59	529.18	
0.01	986422	13578	413.985	8613.44	295.41	
0.05	966289	33711	375.406	7734.12	355.6	
0.1	935576	64424	317.893	6234.77	403.63	
0.01	986414	13586	421.542	8754.69	302.31	
0.05	966224	33776	382.776	7879.24	366.5	
0.1	934759	65241	325.782	6373.8	420.16	
0.01	986265	13735	425.755	8934.83	308.88	
0.05	966129	33871	390.428	7963.31	371.86	
0.1	934180	65820	330.462	6469.54	426.3	
0.01	986389	13611	430.883	9023.74	660.69	
0.05	965894	34106	393.68	8029.3	788.26	
0.1	934824	65176	329.591	6482.23	870.59	
0.01	986149	13851	435.965	9082.6	316.02	
0.05	965594	34406	400.091	8146.9	383.45	
0.1	934016	65984	335.983	6606.55	434.93	
0.01	986332	13668	451.456	9501.17	327.03	
0.05	964785	35215	416.043	8559.13	404.19	
0.1	931571	68429	346.017	6965.8	463.52	
0.01	986092	13908	464.919	9967.01	354.07	
0.05	964670	35330	428.223	8908.8	437.93	
0.1	930670	69330	351.684	7246.77	506.02	
0.01	986303	13697	464.612	9884.43	290.92	
0.05	964433	35567	427.654	8924.46	341.41	
0.1	929938	70062	351.904	7229.83	398.45	
0.01	985981	14019	480.435	10504.3	815.24	
0.05	964024	35976	441.01	9358.66	999.92	
0.1	927962	72038	356.019	7618.23	1158.43	
0.01	986126	13874	499.522	11039.3	426.06	
0.05	963626	36374	454.938	9899.26	536.17	
0.1	927870	72130	366.368	7975.69	623.85	
0.01	985905	14095	528.983	12597.5	423.48	
0.05	961903	38097	473.218	11210.3	546.06	
0.1	923600	76400	364.208	8874.44	638.61	
0.01	985959	14041	544.807	13334.6	431.66	
0.05	961429	38571	483.986	11680.9	554.26	
0.1	922979	77021	366.964	9207.18	641.51	
0.01	985929	14071	568.559	14787.8	458.12	
0.05	961379	38621	503.44	12947.1	595.67	
0.1	921115	78885	368.343	10123.8	697.72	
0.01	985732	14268	548.213	13615.9	437.86	
0.05	961432	38568	488.446	12007.7	564.13	
0.1	922256	77744	365.146	9439.72	655.4	
0.01	985784	14216	565.278	14549	455.75	
0.05	960563	39437	494.357	12795.2	593.19	
0.1	920526	79474	360.472	9868.87	683.7	
0.01	985858	14142	539.364	13003.3	427.02	
0.05	960940	39060	478.439	11464.7	550.43	
0.1	922673	77327	363.071	9019.14	633.74	
0.01	986211	13789	372.377	8276.77	285.99	
0.05	966503	33497	329.12	7308.24	339.39	
0.1	937786	62214	273.324	5872.9	379.38	
0.01	986398	13602	370.954	8240.31	284.44	
0.05	966253	33747	329.422	7357.9	342.24	
0.1	937794	62206	272.109	5855.94	378.57	
0.01	986373	13627	370.699	8198.14	283.67	
0.05	966789	33211	327.665	7313.08	337.21	
0.1	938487	61513	269.415	5827.2	372.6	
0.01	986581	13419	370.727	8289.96	284.5	
0.05	966442	33558	325.068	7318.52	338.61	
0.1	937512	62488	266.856	5840.19	376.58	
0.01	986479	13521	368.289	8256.6	272.09	
0.05	966284	33716	322.453	7320.25	322.53	
0.1	937171	62829	265.502	5798.24	353.03	
0.01	986302	13698	364.052	8200.31	268.88	
0.05	966167	33833	322.595	7304.63	321.33	
0.1	938165	61835	262.61	5802.99	355.87	
0.01	986109	13891	365.386	8239.05	268.03	
0.05	966474	33526	318.884	7307.92	317.01	
0.1	937953	62047	259.846	5791.26	349.51	
0.01	986245	13755	363.943	8288.56	270.73	
0.05	966040	33960	313.627	7311.51	320.69	
0.1	937169	62831	258.378	5796.74	355.47	
0.01	986211	13789	362.909	8263.37	357.15	
0.05	966292	33708	315.68	7334.32	423.98	
0.1	937486	62514	256.837	5795.57	466.71	
0.01	986236	13764	359.99	8305.04	327.83	
0.05	966401	33599	313.223	7336.4	388.13	
0.1	937991	62009	254.699	5800.18	428.63	
0.01	986262	13738	362.215	8337.19	269.25	
0.05	966119	33881	310.941	7319.2	317.45	
0.1	937446	62554	251.866	5770.06	351.31	
0.01	986386	13614	358.749	8272.9	352.61	
0.05	965980	34020	308.538	7322.74	420.52	
0.1	937132	62868	251.073	5803.42	464.95	
0.01	986328	13672	356.739	8329.28	277.5	
0.05	965953	34047	309.301	7323.35	331.67	
0.1	936509	63491	248.341	5800.31	368.43	
0.01	986165	13835	356.26	8424.05	267.71	
0.05	965978	34022	308.93	7372.16	317.14	
0.1	936762	63238	250.065	5812.56	351.09	
0.01	986130	13870	358.406	8418.18	280.24	
0.05	965480	34520	309.552	7404.58	335.59	
0.1	936700	63300	249.049	5843.18	368.71	
0.01	986237	13763	359.807	8551.61	282.14	
0.05	966113	33887	310.136	7515.58	336.32	
0.1	936597	63403	249.958	5890.68	373.34	
0.01	986156	13844	360.439	8526.48	282.38	
0.05	965647	34353	309.975	7515.29	337.3	
0.1	936632	63368	247.832	5929.41	373.53	
0.01	985963	14037	636.131	16544.1	516.58	
0.05	962538	37462	547.846	14511.1	651.76	
0.1	929834	70166	438.078	11441.3	745.21	
0.01	985721	14279	510.302	12613.3	515.57	
0.05	962384	37616	440.037	10847.5	633.91	
0.1	928270	71730	347.977	8359.11	727.05	
0.01	985771	14229	483.087	11544.8	383.33	
0.05	962110	37890	411.178	9855.13	468.08	
0.1	928450	71550	327.509	7556.93	520.58	
0.01	985705	14295	470.771	11057.2	374.4	
0.05	961530	38470	399.688	9534.74	461.08	
0.1	927726	72274	318.663	7300.24	513	
0.01	985629	14371	458.559	10911.6	364.86	
0.05	961962	38038	387.576	9289.39	443.14	
0.1	928870	71130	308.563	7122.67	491.06	
0.01	985771	14229	447.507	10474.2	337.74	
0.05	961309	38691	379.839	8995.98	412.31	
0.1	928193	71807	301.955	6904.5	452.08	
0.01	985524	14476	442.423	10343.2	354.45	
0.05	961643	38357	375.553	8862.8	433.24	
0.1	928153	71847	297.808	6778.2	479.31	
0.01	985668	14332	435.8	10106.5	343.04	
0.05	961435	38565	369.772	8685.36	419.21	
0.1	928394	71606	295.379	6641.22	460.37	
0.01	985546	14454	431.222	10120.8	344.97	
0.05	961676	38324	366.123	8614.29	420.4	
0.1	928176	71824	289.584	6569.41	463.13	
0.01	985584	14416	426.833	9952.26	340.72	
0.05	961533	38467	359.439	8536.97	415.68	
0.1	927993	72007	288.673	6506.67	461.17	
0.01	985584	14416	423.996	10006.9	339.48	
0.05	961593	38407	356.826	8443.61	411.34	
0.1	927802	72198	284.906	6450.51	456.57	
0.01	985604	14396	417.478	9802.29	331.04	
0.05	961546	38454	350.675	8319.14	400.09	
0.1	928313	71687	279.945	6368.42	441.24	
0.01	985560	14440	417	9710.82	329.86	
0.05	961616	38384	349.315	8256.98	397.29	
0.1	927625	72375	277.039	6342.1	441.36	
0.01	985808	14192	413.526	9700.35	311.25	
0.05	961745	38255	347.012	8219.24	374.62	
0.1	928102	71898	275.016	6298.38	412.68	
0.01	985476	14524	410.109	9652.76	325.32	
0.05	961263	38737	344.982	8210.86	394.68	
0.1	928007	71993	273.647	6298.16	434.96	
0.01	985531	14469	408.247	9639.27	298.34	
0.05	961364	38636	341.891	8144.06	371.97	
0.1	927586	72414	269.875	6224.76	409.33	
0.01	985644	14356	402.507	9564.84	320.62	
0.05	961543	38457	338.603	8095.37	389.28	
0.1	928096	71904	269.393	6194.47	431.06	
0.01	985557	14443	407.307	9575.16	325.49	
0.05	961365	38635	339.709	8098.98	393.42	
0.1	927463	72537	269.257	6175.71	435.65	
0.01	985387	14613	402.851	9667.94	322.33	
0.05	961334	38666	337.75	8124.38	388.8	
0.1	928160	71840	266.853	6198.07	426.43	
0.01	985726	14274	403.628	9588.47	320.22	
0.05	961011	38989	338.317	8113.44	391.08	
0.1	928061	71939	266.879	6208.71	428.39	
0.01	985507	14493	401.03	9582.11	261.05	
0.05	961462	38538	335.948	8145.63	327.99	
0.1	927386	72614	264.116	6194.13	357.91	
0.01	985555	14445	404.479	9653.61	509.79	
0.05	961363	38637	335.233	8183.08	615.3	
0.1	928228	71772	266	6221.46	676.18	
0.01	985452	14548	399.759	9579.65	305.44	
0.05	961372	38628	335.508	8141.18	368.98	
0.1	927841	72159	263.504	6201.82	403.18	
0.01	985584	14416	403.334	9637.54	307.52	
0.05	961215	38785	334.626	8115.45	369.09	
0.1	927509	72491	263.805	6161.51	403.97	
0.01	985509	14491	402.544	9557.82	305.72	
0.05	961432	38568	332.779	8187.35	367.72	
0.1	927632	72368	260.982	6184.73	402.29	
0.01	985587	14413	400.396	9642.32	631.72	
0.05	961155	38845	333.965	8231.75	763.8	
0.1	927633	72367	261.999	6226.9	873.48	
0.01	985549	14451	400.445	9661.75	322.31	
0.05	961218	38782	332.865	8183.93	392.05	
0.1	927971	72029	260.134	6225.6	430.33	
0.01	985640	14360	403.511	9712.09	411.13	
0.05	961411	38589	333.644	8250.67	498.9	
0.1	927585	72415	261.412	6282.69	551.34	
0.01	985618	14382	405.291	9864.56	309.99	
0.05	960836	39164	334.092	8337.43	374.63	
0.1	927870	72130	262.164	6319.75	404.48	
0.01	985412	14588	403.857	9915.64	308.41	
0.05	961062	38938	334.311	8375.34	363	
0.1	927780	72220	260.996	6328.57	406.32	
0.01	985428	14572	405.735	9934.45	413.99	
0.05	961269	38731	336.633	8438.62	503.09	
0.1	927494	72506	261.188	6396.95	552.37	
0.01	985412	14588	409.711	10222.4	316.66	
0.05	961315	38685	338.098	8641.57	381.64	
0.1	927421	72579	263.091	6532.65	418.85	
0.01	985275	14725	406.71	10124.1	418.41	
0.05	961140	38860	339.177	8585.1	511.43	
0.1	927111	72889	261.296	6499.1	561.04	
0.01	985706	14294	632.923	16685.4	517.8	
0.05	962369	37631	552.242	14422.7	653.8	
0.1	928904	71096	437.001	11361.6	747.8	
0.01	985638	14362	469.254	10517.6	366.55	
0.05	961628	38372	408.786	9038.63	450.13	
0.1	927081	72919	333.151	7062.16	508.02	
0.01	985973	14027	459.396	10206.9	359.74	
0.05	961589	38411	398.153	8737.18	444.01	
0.1	927153	72847	322.536	6823.81	500.76	
0.01	985671	14329	469.402	10377.7	364.99	
0.05	961299	38701	406.149	8929.55	447.2	
0.1	927261	72739	329.968	6899.49	496.87	
0.01	985599	14401	465.938	10503.6	465.15	
0.05	961209	38791	407.374	8951.91	574.72	
0.1	925663	74337	330.451	6959.88	649.67	
0.01	985457	14543	474.223	10569.9	588.37	
0.05	960877	39123	412.001	9088.73	723.59	
0.1	924832	75168	331.897	7039.84	815.45	
0.01	985560	14440	497.217	11186.1	762.37	
0.05	960667	39333	431.436	9622.77	945.39	
0.1	924169	75831	346.343	7443.69	1133.48	
0.01	985464	14536	538.879	12733.8	337.47	
0.05	959968	40032	462.931	10856.4	430.73	
0.1	922051	77949	367.243	8454.01	536.54	
0.01	985519	14481	539.502	12807.4	341.1	
0.05	959221	40779	467.876	11013.2	438.54	
0.1	921517	78483	365.696	8515.64	521.9	
0.01	985471	14529	535.443	12901.8	426.83	
0.05	959810	40190	466.395	11016.6	540.74	
0.1	921429	78571	362.783	8548.53	619.86	
0.01	985326	14674	558.475	13691.7	449.8	
0.05	959256	40744	476.586	11602.2	567	
0.1	919715	80285	367.064	8947.86	653.68	
0.01	985282	14718	573.138	14182.1	466.81	
0.05	958950	41050	488.597	12058.4	594.16	
0.1	919860	80140	373.542	9315.49	684.7	
0.01	985207	14793	594.274	15481.1	487.83	
0.05	958420	41580	505.558	13094.4	627.53	
0.1	918596	81404	381.038	9983.79	720.29	
0.01	985674	14326	467.35	10466.7	362.22	
0.05	960816	39184	400.754	8984.02	441.63	
0.1	925392	74608	327.175	6930.09	494.61	
0.01	985664	14336	481.821	10831.5	380.05	
0.05	960551	39449	412.904	9293.61	470.68	
0.1	924739	75261	330.33	7173.09	529.97	
0.01	985580	14420	507.643	11686.6	404.76	
0.05	960556	39444	438.683	10093.4	507.26	
0.1	923237	76763	346.338	7800.61	578.65	
0.01	985305	14695	556.698	13385.4	445.1	
0.05	959391	40609	480.99	11475.1	564.26	
0.1	920796	79204	376.272	8893.45	647.93	
0.01	985151	14849	400.037	9183.67	464.33	
0.05	956625	43375	327.719	7581.54	598.26	
0.1	917684	82316	256.782	5648.34	679.89	
0.01	984832	15168	399.267	9248.15	475.15	
0.05	956637	43363	326.133	7576.16	609.04	
0.1	917819	82181	255.021	5604.97	689.86	
0.01	985250	14750	397.306	9190.62	461.7	
0.05	956664	43336	325.189	7516.05	593.06	
0.1	917997	82003	254.561	5557.66	668.82	
0.01	985099	14901	394.277	9163.8	459.18	
0.05	956310	43690	323.769	7485.07	592.67	
0.1	918298	81702	253.394	5544.27	664.21	
0.01	984770	15230	395.425	9118.28	462.81	
0.05	956555	43445	321.032	7477.56	588.51	
0.1	917703	82297	253.472	5525.18	665.96	
0.01	985117	14883	392.167	9029.55	455.03	
0.05	956448	43552	321.038	7433.72	586.69	
0.1	917825	82175	253.05	5516.17	664.18	
0.01	984945	15055	393.58	9045.42	482.44	
0.05	956599	43401	321.115	7430.98	625.09	
0.1	918374	81626	252.193	5497.31	709.16	
0.01	984806	15194	393.896	9090.51	460.95	
0.05	956841	43159	320.024	7414.77	582.58	
0.1	917526	82474	252.2	5499.27	664.17	
0.01	984958	15042	391.56	9074.36	456.98	
0.05	956504	43496	320.684	7399.94	584.63	
0.1	917780	82220	251.812	5490.19	661.28	
0.01	984589	15411	390.401	8960.84	457.61	
0.05	956792	43208	318.054	7412.76	580.31	
0.1	917849	82151	251.912	5493.99	661.04	
0.01	984834	15166	390.936	9021.78	456.62	
0.05	956426	43574	318.762	7421.2	584.95	
0.1	917672	82328	250.851	5486.52	661.2	
0.01	984706	15294	391.79	8995.77	481.75	
0.05	956526	43474	319.773	7416.69	623.67	
0.1	918055	81945	250.855	5488.74	709.2	
0.01	984913	15087	391.729	8989.67	457.12	
0.05	956613	43387	319.006	7381.49	583.17	
0.1	918571	81429	249.992	5479.35	656.2	
0.01	985065	14935	389.312	9050.59	453.07	
0.05	956668	43332	317.432	7367.75	578.44	
0.1	917435	82565	249.83	5487.87	660.67	
0.01	984867	15133	392.141	8977.77	466.18	
0.05	956352	43648	319.494	7412.95	600.98	
0.1	917759	82241	249.359	5481.33	679.24	
0.01	985014	14986	390.831	8977.63	398.9	
0.05	956546	43454	317.183	7404.3	503.93	
0.1	917793	82207	248.834	5476.48	565.83	
0.01	985036	14964	390.581	8967.33	575.14	
0.05	956507	43493	318.248	7402.26	739.2	
0.1	917340	82660	249.09	5478.55	841.42	
0.01	984816	15184	388.389	9037.4	387.28	
0.05	956194	43806	316.162	7403.43	486.49	
0.1	918116	81884	248.787	5463	543.01	
0.01	984773	15227	390.227	9006.56	401.68	
0.05	956545	43455	317.663	7374.73	503.1	
0.1	917787	82213	248.4	5468.92	564.35	
0.01	984902	15098	390.011	9008.57	400.61	
0.05	956656	43344	315.45	7420.19	503.88	
0.1	917752	82248	248.783	5470.79	569.41	
0.01	984917	15083	389.405	8959.01	437.04	
0.05	956327	43673	316.556	7399.79	554.95	
0.1	917630	82370	247.831	5486.34	621.67	
0.01	985087	14913	385.721	9000.47	396.42	
0.05	956445	43555	316.254	7394.45	503.62	
0.1	918528	81472	248.088	5469.36	560.44	
0.01	985057	14943	388.558	9049.21	417.84	
0.05	956500	43500	317.622	7379.92	526.3	
0.1	917936	82064	247.908	5471.44	585.98	
0.01	984758	15242	388.032	8997.09	455.99	
0.05	956648	43352	317.264	7399.11	582.53	
0.1	918238	81762	248.377	5471.27	656.55	
0.01	984903	15097	390.569	9035.67	723.95	
0.05	956564	43436	315.685	7399.58	920.69	
0.1	917837	82163	247.645	5470.31	1040.42	
0.01	985000	15000	388.832	9001.74	399.34	
0.05	956252	43748	315.422	7350.72	501.97	
0.1	918179	81821	246.486	5461.9	560.22	
0.01	984871	15129	387.874	8954.19	767.4	
0.05	956782	43218	316.826	7376.62	1040.91	
0.1	917595	82405	246.812	5448.3	1170.37	
0.01	984889	15111	388.872	8967.56	439.44	
0.05	956803	43197	314.962	7400.16	564.34	
0.1	917891	82109	246.193	5452.76	647.57	
0.01	984874	15126	387.747	9033.1	399.35	
0.05	956240	43760	314.1	7368.21	503.29	
0.1	917793	82207	247.792	5461.2	563.13	
0.01	984876	15124	385.848	9069.47	453.18	
0.05	956463	43537	315.021	7381.01	567.54	
0.1	918291	81709	246.547	5454.2	617.51	
0.01	985013	14987	387.818	8964.96	340.19	
0.05	956503	43497	314.043	7360.25	431.52	
0.1	918111	81889	246.39	5456.13	502.64	
0.01	985009	14991	384.83	8921.66	425.09	
0.05	956614	43386	315.181	7368.11	546.6	
0.1	917970	82030	246.375	5446.92	616.31	
0.01	984905	15095	387.182	9052.79	360.65	
0.05	956170	43830	314.016	7384.6	453.97	
0.1	918171	81829	246.255	5454.36	533.71	
0.01	984958	15042	401.494	9174.61	466.77	
0.05	956351	43649	328.436	7579.62	600.17	
0.1	917560	82440	256.847	5628.44	678.85	
0.01	985131	14869	395.289	9047.3	457.88	
0.05	956452	43548	323.02	7444.69	588.74	
0.1	917226	82774	254.371	5530.68	670.23	
0.01	985018	14982	396.546	9025.59	459.26	
0.05	956501	43499	325.374	7448.04	590.24	
0.1	917637	82363	255.027	5524.23	667.21	
0.01	985101	14899	395.649	9046.35	464.8	
0.05	956542	43458	323.988	7420.91	599.53	
0.1	916755	83245	254.864	5526.6	687.8	
0.01	984896	15104	395.329	9022.44	459.42	
0.05	956028	43972	324.641	7476.53	594.58	
0.1	916782	83218	254.908	5525.63	671.87	
0.01	985083	14917	395.752	9027.54	428.51	
0.05	955981	44019	324.252	7473.24	558.66	
0.1	916436	83564	256.495	5522.25	636.67	
0.01	984799	15201	400.543	9091.45	475.21	
0.05	956172	43828	325.517	7452.61	609.02	
0.1	916962	83038	256.667	5528.72	693.57	
0.01	984787	15213	400.123	9091.72	465.62	
0.05	956743	43257	326.777	7465.51	589.62	
0.1	916765	83235	257.337	5543.91	674.48	
0.01	984881	15119	401.167	9084.1	466.73	
0.05	956175	43825	328.411	7497.34	599.37	
0.1	916735	83265	258.319	5543.67	678.44	
0.01	984698	15302	401.167	9149.25	492.65	
0.05	956172	43828	328.471	7517.13	639.88	
0.1	916279	83721	260.178	5578.39	738.18	
0.01	984705	15295	402.587	9048.4	473.21	
0.05	955810	44190	330.705	7530.73	614.04	
0.1	916168	83832	259.868	5586.65	698.43	
0.01	984826	15174	402.557	9261.03	478.28	
0.05	956430	43570	331.927	7591.69	611.57	
0.1	916599	83401	260.695	5613.69	697.87	
0.01	984839	15161	404.954	9242.36	470.89	
0.05	955972	44028	331.521	7589.41	604.42	
0.1	916085	83915	262.139	5632.38	689.36	
0.01	984851	15149	405.363	9220.34	476.68	
0.05	955979	44021	333.113	7607.09	617.26	
0.1	916336	83664	262.361	5653.8	703.43	
0.01	984954	15046	406.79	9375.66	453.09	
0.05	956172	43828	335.657	7653.91	576.8	
0.1	915625	84375	263.662	5708.82	661.48	
0.01	984681	15319	406.363	9308.81	454.39	
0.05	955782	44218	333.823	7610.95	583.07	
0.1	915696	84304	262.81	5665.84	664.91	
0.01	985145	14855	405.584	9269.53	492.98	
0.05	955677	44323	334.898	7655.81	654.57	
0.1	915502	84498	262.932	5675.57	751.57	
0.01	985604	14396	390.888	8552.91	414.57	
0.05	960213	39787	331.806	7281.33	524.2	
0.1	924514	75486	266.854	5562.88	597.49	
0.01	985322	14678	379.655	8451.95	404.55	
0.05	960121	39879	325.624	7105.31	509.88	
0.1	924768	75232	262.534	5422.92	578.46	
0.01	985313	14687	381.685	8363.65	406.31	
0.05	960462	39538	324.958	7099.13	509.1	
0.1	923988	76012	262.156	5389.33	581.63	
0.01	985329	14671	381.911	8397.11	346.34	
0.05	959964	40036	323.688	7064.39	427.45	
0.1	924265	75735	262.751	5393.73	502.87	
0.01	985316	14684	382.769	8459.82	402.85	
0.05	960206	39794	326.008	7116.82	503.33	
0.1	924310	75690	264.05	5417.28	572.11	
0.01	985325	14675	383.093	8438.04	402.87	
0.05	959967	40033	327.473	7124	506.62	
0.1	923560	76440	264.944	5428.91	577.76	
0.01	985325	14675	387.124	8406.13	406.01	
0.05	959933	40067	331.729	7116.96	509.98	
0.1	923906	76094	266.947	5455.76	579.62	
0.01	985385	14615	390.612	8524.09	409.13	
0.05	959965	40035	331.327	7162.26	510.53	
0.1	923605	76395	269.339	5489.22	584.38	
0.01	985381	14619	388.709	8557.98	383.67	
0.05	959886	40114	332.182	7174.37	473.98	
0.1	923077	76923	268.495	5499.5	537.86	
0.01	985830	14170	391.952	8530.12	364.47	
0.05	959848	40152	336.951	7222.28	458.84	
0.1	922620	77380	271.718	5531.78	522.72	
0.01	985375	14625	396.239	8619.64	414.95	
0.05	959588	40412	337.59	7317.61	523.38	
0.1	923338	76662	273.874	5574.7	594.97	
0.01	985527	14473	397.251	8651.96	372.18	
0.05	959663	40337	341.614	7314.66	468.94	
0.1	922767	77233	275.413	5601.46	529.33	
0.01	985642	14358	387.979	8645.32	420.14	
0.05	960186	39814	329.779	7311.71	535.83	
0.1	924835	75165	266.649	5554.85	610.83	
0.01	985581	14419	387.301	8519	405.48	
0.05	960369	39631	326.144	7197.02	505.45	
0.1	924904	75096	265.588	5506.42	577.32	
0.01	985477	14523	384.73	8431.81	362.41	
0.05	960344	39656	325.064	7127.92	446.34	
0.1	924760	75240	261.926	5448.11	503.25	
0.01	985386	14614	382.102	8424.5	401.92	
0.05	959986	40014	322.71	7155.09	504.12	
0.1	924692	75308	261.013	5426.73	569.71	
0.01	985471	14529	379.117	8403.09	402.6	
0.05	960287	39713	320.804	7135.97	506.56	
0.1	924424	75576	259.344	5395.43	576.11	
0.01	985470	14530	376.885	8386.3	439.22	
0.05	960232	39768	319.243	7092.68	549.63	
0.1	925395	74605	257.807	5387.28	595.37	
0.01	985575	14425	376.181	8310.33	368.31	
0.05	960175	39825	317.604	7076.77	455.64	
0.1	924740	75260	256.569	5370.28	494.46	
0.01	985374	14626	374.46	8356.87	632.57	
0.05	960153	39847	315.585	7080	794.85	
0.1	925501	74499	255.064	5356.92	894.2	
0.01	985680	14320	373.811	8296.36	353.62	
0.05	960192	39808	315.901	7094.95	445.52	
0.1	924475	75525	253.834	5354.73	494.27	
0.01	985502	14498	372.054	8220.88	373.69	
0.05	960347	39653	314.901	7014.11	464.24	
0.1	925192	74808	252.665	5343.58	523.06	
0.01	985465	14535	372.781	8281.63	371.51	
0.05	960291	39709	314.118	7025.74	464.67	
0.1	925000	75000	251.313	5338.09	524.74	
0.01	985478	14522	370.682	8305.06	309.39	
0.05	960398	39602	312.685	6988.9	414.44	
0.1	925128	74872	250.378	5331.65	478.22	
0.01	985318	14682	368.907	8295.5	449.96	
0.05	960342	39658	310.634	7014.82	562.62	
0.1	924747	75253	250.48	5321.01	642.48	
0.01	985523	14477	370.165	8335.73	394.47	
0.05	960054	39946	310.682	7009.9	495.93	
0.1	925298	74702	248.917	5327.34	559.09	
0.01	985369	14631	370.123	8277.45	316.8	
0.05	960000	40000	311.223	7027.03	428.68	
0.1	925362	74638	248.392	5310.16	476.26	
0.01	985426	14574	367.453	8300.7	218.43	
0.05	960372	39628	310.153	6997.94	270.02	
0.1	925277	74723	248.887	5322.47	302.68	
0.01	985506	14494	366.874	8337.23	394.1	
0.05	960358	39642	309.733	7000.29	495.75	
0.1	925157	74843	247.018	5300.79	560.22	
0.01	985623	14377	369.694	8297.83	336.54	
0.05	960139	39861	310.349	7019.04	421.99	
0.1	925483	74517	247.462	5304.43	471.35	
0.01	985397	14603	367.643	8230.92	394.02	
0.05	959959	40041	310.309	6977.43	497.94	
0.1	925455	74545	246.053	5294.95	559	
0.01	985665	14335	365.393	8284.37	385.95	
0.05	960555	39445	308.948	6986.92	485.09	
0.1	925675	74325	245.646	5289.51	545.95	
0.01	985491	14509	367.068	8296.26	368.07	
0.05	960441	39559	307.567	6997.23	458.76	
0.1	924951	75049	245.581	5294.27	518.5	
0.01	985581	14419	368.149	8285.7	392.43	
0.05	960281	39719	305.311	6975.92	489.19	
0.1	924681	75319	244.362	5292.24	558.9	
0.01	985572	14428	366.244	8301.52	348.25	
0.05	960198	39802	306.582	7004.99	431.59	
0.1	925050	74950	244.357	5285.46	481.26	
0.01	985573	14427	363.776	8167.9	397.08	
0.05	960008	39992	306.015	6984.26	508.64	
0.1	925468	74532	244.439	5280.41	576.83	
0.01	985484	14516	366.672	8257.43	394.31	
0.05	960660	39340	305.94	6972.85	491.35	
0.1	925338	74662	243.692	5273.39	557.87	
0.01	985529	14471	362.817	8218.24	383.86	
0.05	960244	39756	306.815	6999.29	485.78	
0.1	925657	74343	244.541	5283.95	544.16	
0.01	985521	14479	365.07	8291.6	391.71	
0.05	960076	39924	304.636	6948.61	491.28	
0.1	925160	74840	243.259	5285.47	557.37	
0.01	985177	14823	364.144	8236	387.9	
0.05	960184	39816	304.464	6976.59	483.3	
0.1	925373	74627	241.769	5283.98	546	
0.01	985632	14368	363.252	8228.27	384.1	
0.05	960606	39394	304.941	6964.02	481.06	
0.1	925672	74328	242.39	5282.58	543.25	
0.01	985388	14612	362.876	8332.91	397.63	
0.05	959936	40064	303.389	6959.38	501.15	
0.1	925364	74636	242.355	5276.5	568.04	
0.01	985306	14694	362.297	8335.14	381.03	
0.05	960098	39902	305.251	6949.91	479.56	
0.1	925456	74544	242.513	5277.18	540.71	
0.01	985512	14488	361.758	8278.09	384.3	
0.05	960373	39627	302.255	6975.54	480.52	
0.1	925564	74436	241.302	5278.97	544.71	
0.01	985415	14585	365.588	8273.73	624.77	
0.05	960159	39841	303.38	6966.52	780.25	
0.1	925298	74702	241.807	5269.11	879.36	
0.01	985408	14592	360.769	8206.01	390.01	
0.05	959936	40064	301.584	6940.84	492.97	
0.1	925109	74891	240.368	5262.04	560.45	
0.01	985296	14704	363.232	8175.52	345.54	
0.05	960177	39823	302.501	6958.28	427.34	
0.1	925852	74148	240.125	5266.62	475.38	
0.01	985307	14693	359.856	8250.3	345.15	
0.05	960448	39552	303.282	6946.63	425.93	
0.1	925931	74069	240.162	5272.07	474.35	
0.01	985449	14551	362.134	8181.06	383.77	
0.05	960222	39778	302.394	6980.67	482	
0.1	926171	73829	239.828	5272.4	539.47	
0.01	985527	14473	361.992	8228.31	383.65	
0.05	960454	39546	302.626	6952.91	479.58	
0.1	925374	74626	239.754	5259.79	542.96	
0.01	984885	15115	393.851	9107.98	624.49	
0.05	955939	44061	318.76	7373.88	813.82	
0.1	916230	83770	249.716	5443.78	934.13	
0.01	984925	15075	392.224	9064.23	620.12	
0.05	955387	44613	319.729	7385.33	820.44	
0.1	916486	83514	250.506	5447.38	932.35	
0.01	984744	15256	391.029	9061.24	629.62	
0.05	956034	43966	319.526	7378.45	827.01	
0.1	916082	83918	249.644	5454.81	955.95	
0.01	984848	15152	395.699	8997.01	659.85	
0.05	955838	44162	318.613	7383.12	874.27	
0.1	916601	83399	250.093	5449.62	1012.19	
0.01	985051	14949	390.648	9054.73	613.9	
0.05	955786	44214	318.569	7360.29	804.72	
0.1	915973	84027	250.678	5450.04	925.28	
0.01	984861	15139	393.179	9072.55	600.86	
0.05	955823	44177	320.266	7383.66	782.18	
0.1	916564	83436	249.985	5453.28	962.84	
0.01	984842	15158	393.69	9059.17	785.33	
0.05	956046	43954	319.153	7374.55	1024.64	
0.1	916218	83782	250.532	5461.01	1179.54	
0.01	984676	15324	393.499	9064.23	936.77	
0.05	955861	44139	318.139	7396.49	1197.69	
0.1	916004	83996	251.25	5445.51	1404.46	
0.01	985048	14952	393.73	9066.3	554.59	
0.05	955859	44141	320.064	7382.35	715.54	
0.1	916009	83991	250.701	5461.69	824.49	
0.01	985023	14977	392.554	9040.43	542.4	
0.05	955945	44055	319.842	7404.54	720.68	
0.1	916266	83734	252.237	5448.57	826.05	
0.01	984684	15316	393.842	8999.14	466.8	
0.05	955745	44255	321.227	7388.64	622.72	
0.1	916413	83587	250.899	5452.81	772.17	
0.01	984869	15131	393.543	9086.19	521.61	
0.05	955638	44362	320.079	7359.34	673.08	
0.1	916007	83993	250.744	5453.73	765.67	
0.01	984746	15254	396.501	9025.17	591.08	
0.05	955937	44063	320.013	7409.26	769.05	
0.1	915665	84335	251.057	5462.54	895.25	
0.01	984785	15215	392.746	9042.32	783.87	
0.05	956047	43953	320.649	7391.47	1026.63	
0.1	916354	83646	251.444	5442.17	1176.05	
0.01	984955	15045	393.723	9136.16	621.34	
0.05	955926	44074	321.327	7384.79	814.25	
0.1	916224	83776	251.746	5452.31	934.44	
0.01	984595	15405	395.38	9032.32	628.49	
0.05	955670	44330	320.411	7397.94	819.78	
0.1	916532	83468	252.317	5451.87	935.72	
0.01	984685	15315	395.902	9063.22	627.93	
0.05	955490	44510	320.011	7405.19	820.73	
0.1	915991	84009	251.469	5459.13	938.75	
0.01	984769	15231	396.892	9145.98	645.41	
0.05	955573	44427	319.698	7405.44	846.48	
0.1	916317	83683	253.472	5462.75	972.56	
0.01	984709	15291	394.637	9079.18	624.52	
0.05	955828	44172	320.009	7390.81	814.08	
0.1	916206	83794	252.111	5453	934.8	
0.01	984698	15302	395.523	9013.25	648.21	
0.05	955570	44430	320.378	7413.91	859.46	
0.1	916213	83787	251.3	5464.3	989.17	
0.01	984899	15101	395.576	8975.55	622.54	
0.05	955540	44460	318.944	7412.43	819.15	
0.1	915994	84006	252.154	5456.85	939.42	
0.01	984782	15218	394.678	9008.15	588.94	
0.05	955739	44261	320.378	7407.87	770.51	
0.1	915781	84219	251.761	5456.63	883.03	
0.01	984706	15294	394.073	9021.09	624.03	
0.05	955907	44093	320.43	7378.69	814.41	
0.1	916222	83778	251.238	5458.08	936.75	
0.01	984811	15189	391.92	9074.6	621.99	
0.05	955258	44742	319.968	7393.14	822.75	
0.1	916128	83872	251.208	5460.16	938.54	
0.01	984651	15349	393.068	9036.65	634.46	
0.05	955838	44162	320.45	7378.75	831.97	
0.1	916115	83885	250.204	5444.46	957.49	
0.01	984712	15288	392.556	9006.77	784.64	
0.05	955765	44235	317.627	7404.89	1024.6	
0.1	916153	83847	249.439	5456.03	1179.57	
0.01	984855	15145	391.29	9015.72	617.93	
0.05	955425	44575	319.721	7424.87	821.02	
0.1	916128	83872	249.809	5447.99	935.51	
0.01	984952	15048	392.159	8987.22	627.64	
0.05	955641	44359	317.097	7375.35	830.22	
0.1	915926	84074	248.844	5448.44	957.42	
0.01	984754	15246	393.594	9024.68	635.18	
0.05	955625	44375	317.821	7341.58	831.82	
0.1	916671	83329	248.222	5447.01	954.28	
0.01	984892	15108	393.091	9072.14	635.33	
0.05	955951	44049	318.128	7388.66	834.93	
0.1	916657	83343	248.616	5433.87	956.63	
0.01	984860	15140	392.307	9073.67	636.87	
0.05	955659	44341	317.832	7408.07	843.15	
0.1	916459	83541	249.06	5439.13	964.55	
0.01	984601	15399	391.736	9104.69	654.14	
0.05	955543	44457	319.184	7377.43	866.26	
0.1	915865	84135	249.368	5439.1	998.36	
0.01	984836	15164	388.261	9011.32	615.88	
0.05	956126	43874	317.603	7394.18	810.71	
0.1	916359	83641	248.498	5441.12	929.19	
0.01	985069	14931	390.194	9045.48	644.58	
0.05	955823	44177	316.591	7386.83	862.02	
0.1	916670	83330	248.997	5433.47	993.77	
0.01	984771	15229	392.534	9043.15	596.9	
0.05	955971	44029	316.723	7383.04	764.59	
0.1	916935	83065	248.276	5446.33	870.33	
0.01	984817	15183	389.243	9019.46	647.28	
0.05	955408	44592	315.652	7375.95	866.3	
0.1	916345	83655	247.782	5432.47	996.85	
0.01	984734	15266	391.405	9135.6	633.28	
0.05	955970	44030	317.263	7382.53	826.07	
0.1	916253	83747	247.987	5436.51	950.68	
0.01	985115	14885	392.242	9062.36	616.93	
0.05	955602	44398	316.413	7355.18	810.7	
0.1	916097	83903	248.112	5443.37	931.55	
0.01	984958	15042	391.429	9008.28	624.82	
0.05	956077	43923	316.125	7376.53	819.84	
0.1	916693	83307	247.632	5439.53	942.82	
0.01	984799	15201	391.067	9068.24	620.74	
0.05	955775	44225	316.611	7382.11	812.76	
0.1	916960	83040	247.905	5450.86	926.97	
0.01	985019	14981	389.355	8980.58	613.57	
0.05	955753	44247	316.165	7358.23	810.52	
0.1	916782	83218	248.087	5426.33	926.3	
0.01	984894	15106	388.646	9094.3	625.85	
0.05	955604	44396	315.934	7394.87	829.78	
0.1	915950	84050	247.642	5427.63	953.99	
0.01	984818	15182	392.53	9038.85	942.38	
0.05	955594	44406	315.76	7365.81	1210.6	
0.1	916283	83717	246.548	5433.29	1429.32	
0.01	984690	15310	390.136	9048.9	522.54	
0.05	955603	44397	315.743	7357.99	676.18	
0.1	916315	83685	246.993	5445.44	762.2	
0.01	984905	15095	389.798	9055.44	516.45	
0.05	955685	44315	316.663	7405.47	672.23	
0.1	916329	83671	247.46	5435.49	758.86	
0.01	984899	15101	388.406	9068.96	518.59	
0.05	955704	44296	316.602	7411.99	673.5	
0.1	916036	83964	247.484	5440	764.66	
0.01	984638	15362	389.069	8971.35	517.59	
0.05	955863	44137	316.243	7369.42	668.02	
0.1	916118	83882	246.714	5418.62	755.78	
0.01	984869	15131	389.262	9055.72	497.3	
0.05	955770	44230	314.845	7373.31	664.42	
0.1	916595	83405	247.706	5428.64	758.69	
0.01	984633	15367	391.27	9005.05	521.9	
0.05	956213	43787	316.708	7383.75	668.13	
0.1	916629	83371	247.295	5430.27	759.17	
0.01	984709	15291	391.349	9007.44	618.68	
0.05	955523	44477	316.003	7376.57	820.57	
0.1	916046	83954	246.398	5424.28	946.57	
0.01	984922	15078	418.173	9818.11	338.64	
0.05	956811	43189	339.357	8038.63	423.48	
0.1	918549	81451	265.609	5957.1	469.9	
0.01	985035	14965	417.42	9800.81	418.99	
0.05	956479	43521	339.983	8060.47	524.69	
0.1	917982	82018	264.672	5977.72	578.54	
0.01	985008	14992	420.132	9857.58	272.79	
0.05	956619	43381	340.01	8082.99	337.91	
0.1	918300	81700	266.262	5979.66	386.09	
0.01	984750	15250	418.999	9752.52	395.74	
0.05	956515	43485	340.746	8061.89	478.53	
0.1	918103	81897	266.559	5969.91	538.73	
0.01	985048	14952	416.603	9869.95	355.18	
0.05	956355	43645	341.91	8028.75	442.79	
0.1	917585	82415	268.032	5975.21	491.31	
0.01	985005	14995	419.949	9853.86	357.37	
0.05	956163	43837	342.121	8079.81	445.37	
0.1	918116	81884	267.528	5982.67	489.01	
0.01	984683	15317	423.127	9840.86	361.46	
0.05	956282	43718	342.498	8105.11	445.73	
0.1	917918	82082	269.372	6000.7	491.97	
0.01	985099	14901	420.299	9810.18	356.4	
0.05	956458	43542	344.535	8098.01	445.6	
0.1	918118	81882	268.547	5988.75	489.62	
0.01	984944	15056	422.058	9843.35	359.18	
0.05	956336	43664	345.152	8116.09	447.6	
0.1	917993	82007	270.851	6011.9	493.33	
0.01	984813	15187	425.57	9893.14	368.01	
0.05	956629	43371	347.775	8146.47	457.18	
0.1	917824	82176	271.47	6019.61	506.53	
0.01	984971	15029	425.616	9906.26	362.32	
0.05	956320	43680	347.537	8140.54	450.54	
0.1	917385	82615	272.451	6032.55	499.04	
0.01	984990	15010	426.821	9957.21	362.56	
0.05	956273	43727	350.622	8220.4	453.85	
0.1	917231	82769	272.267	6066.86	499.84	
0.01	984808	15192	429.029	10019	365.97	
0.05	956161	43839	352.199	8224.08	455.82	
0.1	917477	82523	275.843	6101.6	503.03	
0.01	984901	15099	431.9	9946.09	366.09	
0.05	956339	43661	352.03	8268.72	455.6	
0.1	916627	83373	277.224	6136.17	508.86	
0.01	984781	15219	430.99	10087.7	373.66	
0.05	956422	43578	355.368	8317.3	468.69	
0.1	916638	83362	276.117	6146.28	522.35	
0.01	985004	14996	435.758	10151.8	371.52	
0.05	956132	43868	357.67	8411.32	467	
0.1	916048	83952	277.031	6217.87	519.26	
0.01	984948	15052	437.711	10230	374.02	
0.05	956461	43539	359.321	8412.25	466.41	
0.1	916513	83487	278.953	6255.74	520.88	
0.01	984870	15130	435.622	10125.5	370.53	
0.05	956177	43823	356.626	8363.03	462.2	
0.1	916688	83312	278.133	6192.49	512.55	
0.01	984919	15081	436.142	10342.7	372.68	
0.05	956078	43922	359.338	8427.92	466.11	
0.1	916135	83865	280.638	6260.14	519.82	
0.01	984911	15089	442.642	10466.3	380.2	
0.05	955551	44449	362.272	8608.44	479.82	
0.1	916358	83642	281.455	6360.98	529.86	
0.01	984996	15004	444.48	10536.4	384.41	
0.05	955801	44199	365.679	8745.42	490.14	
0.1	915780	84220	281.379	6476.99	545.9	
0.01	984788	15212	449.428	10789.7	386.92	
0.05	955483	44517	367.186	8924.12	489.67	
0.1	915884	84116	284.474	6562.36	541.06	
0.01	984987	15013	453.559	10878	389.88	
0.05	955691	44309	368.522	8893.71	489.91	
0.1	915015	84985	284.172	6588.68	548.64	
0.01	984689	15311	450.346	10824.3	393.89	
0.05	956190	43810	368.182	8860.11	493.5	
0.1	915967	84033	282.827	6550.04	551.76	
0.01	984817	15183	459.668	11180	397.03	
0.05	955421	44579	370.574	9207.37	500.54	
0.1	915454	84546	285.562	6760.78	554.91	
0.01	985055	14945	457.147	11088	397.37	
0.05	955455	44545	371.019	9126.77	506.19	
0.1	915126	84874	285.893	6731.68	565.37	
0.01	984892	15108	463.25	11337.1	387.88	
0.05	955108	44892	373.6	9202.55	489.09	
0.1	914981	85019	285.297	6822.79	544.46	
0.01	984901	15099	464.66	11521	378.08	
0.05	955507	44493	374.826	9360.78	472.11	
0.1	914676	85324	286.087	6935.42	526.39	
0.01	984734	15266	469.871	11560.9	383.25	
0.05	955317	44683	376.284	9469.1	478.76	
0.1	914717	85283	287.476	6985.77	532.42	
0.01	984692	15308	469.528	11710.2	390.17	
0.05	955581	44419	379.452	9596.61	489.38	
0.1	914380	85620	287.379	7049.71	546.49	
0.01	985130	14870	416.555	9873.99	354.82	
0.05	956738	43262	338.246	8026.26	438.5	
0.1	918215	81785	263.594	5964.14	485.64	
0.01	985039	14961	416.234	9797.87	743.99	
0.05	956251	43749	337.437	8067.84	926.74	
0.1	918475	81525	262.729	5970.96	991.83	
0.01	984794	15206	415.071	9797.11	337.47	
0.05	956553	43447	336.789	8079.29	418.55	
0.1	918189	81811	264.156	5953.66	461.5	
0.01	985106	14894	415.832	9785.06	358.01	
0.05	956624	43376	338.867	8057.15	448.05	
0.1	917888	82112	262.283	5957.09	495.73	
0.01	985064	14936	415.517	9802.22	359.16	
0.05	956368	43632	336.987	8054.38	449.65	
0.1	917594	82406	261.917	5941.64	498.2	
0.01	984851	15149	414.4	9844.07	669.37	
0.05	956598	43402	336.484	8037.9	829.67	
0.1	917827	82173	261.723	5944.7	919.31	
0.01	984934	15066	415.411	9832.39	450.11	
0.05	956762	43238	335.395	8043.15	554.32	
0.1	918465	81535	261.397	5938.84	610.81	
0.01	984847	15153	415.024	9805.62	452.9	
0.05	956804	43196	333.266	8031.01	555.21	
0.1	918457	81543	260.176	5953.06	606.57	
0.01	984845	15155	411.86	9854.28	335.01	
0.05	956266	43734	334.978	8011.7	415.55	
0.1	918042	81958	260.374	5946	457.71	
0.01	984934	15066	414.491	9797.78	357.67	
0.05	956759	43241	334.072	8049.06	444.17	
0.1	917927	82073	260.851	5936.08	484.34	
0.01	984939	15061	414.567	9824.28	354.57	
0.05	956407	43593	334.282	8003.08	437.36	
0.1	918358	81642	259.347	5918.43	480.05	
0.01	984821	15179	411.476	9803.88	355.15	
0.05	956341	43659	334.178	8035.76	442	
0.1	918051	81949	259.107	5952.16	488.97	
0.01	984874	15126	414.19	9832.2	354.98	
0.05	956642	43358	332.655	8021.1	435.83	
0.1	918398	81602	259.415	5930.93	480.91	
0.01	984714	15286	411.725	9817.89	355.11	
0.05	956616	43384	332.852	8053.07	438.35	
0.1	918439	81561	258.208	5919.69	481.03	
0.01	984682	15318	412.242	9840.54	355.89	
0.05	956765	43235	334.113	8051.56	438.4	
0.1	918141	81859	258.834	5957.82	485.12	
0.01	984821	15179	413.214	9831.96	359.68	
0.05	956591	43409	332.709	8062.41	445.88	
0.1	918075	81925	259.302	5942.99	494.23	
0.01	984863	15137	414.003	9838.55	354.81	
0.05	956535	43465	333.637	8065.07	437.99	
0.1	917675	82325	258.477	5956.94	484.38	
0.01	985083	14917	411.891	9915.41	355.17	
0.05	956299	43701	333.5	8102.86	444.25	
0.1	918107	81893	258.595	5954.86	487.91	
0.01	984761	15239	411.755	9889.11	356.52	
0.05	956254	43746	334.13	8116.09	444.67	
0.1	918162	81838	258.194	5967.04	487.34	
0.01	985047	14953	414.696	9793.3	355.6	
0.05	956521	43479	333.717	8101.24	442.72	
0.1	918328	81672	259.394	5977.26	488.15	
0.01	984688	15312	451.602	11025.7	368.23	
0.05	956444	43556	363.381	8984.08	451.94	
0.1	917302	82698	280.677	6608.5	498.14	
0.01	985028	14972	451.734	10918.5	363.42	
0.05	956021	43979	363.744	8989.7	452.07	
0.1	917035	82965	281.239	6571.67	494.17	
0.01	984835	15165	452.43	11003.2	581.71	
0.05	956107	43893	361.668	8919.9	713.49	
0.1	917071	82929	280.568	6550.74	784.14	
0.01	984870	15130	452.369	11063.1	372.46	
0.05	956107	43893	361.848	8917.59	456.85	
0.1	917087	82913	279.29	6562.14	502.96	
0.01	984677	15323	454.225	11040.6	373.13	
0.05	955924	44076	362.068	8981	459.49	
0.1	917225	82775	279.701	6590.59	504.45	
0.01	984878	15122	453.239	11045.6	366.67	
0.05	956088	43912	362.923	8951.11	450.29	
0.1	916817	83183	277.306	6595.12	494.31	
0.01	984896	15104	452.013	10998.3	366.57	
0.05	955855	44145	360.076	8926.49	451.17	
0.1	917061	82939	278.194	6564.42	494.72	
0.01	984816	15184	450.384	11069.8	367.03	
0.05	955963	44037	360.757	8943.28	451.64	
0.1	917047	82953	277.371	6568.43	495.17	
0.01	984776	15224	450.241	10920.8	364.41	
0.05	956012	43988	358.824	8931.98	447.84	
0.1	917437	82563	276.455	6563.31	489.92	
0.01	984869	15131	450.349	10984.4	365.45	
0.05	955870	44130	359.777	8954.32	451.38	
0.1	917029	82971	276.577	6547.55	492.9	
0.01	984842	15158	450.574	10997.5	364.99	
0.05	955474	44526	358.592	8897.53	449.84	
0.1	916636	83364	274.391	6540.78	490.88	
0.01	984770	15230	447	11001.1	363.59	
0.05	955944	44056	359.104	8924.15	448.59	
0.1	917028	82972	276.128	6538.32	490.47	
0.01	984492	15508	449.225	10905.1	351.54	
0.05	955899	44101	357.715	8909.86	433.43	
0.1	916823	83177	275.705	6528.86	472.5	
0.01	984822	15178	448.554	10940.1	363.73	
0.05	955450	44550	358.925	8883.7	450.21	
0.1	917295	82705	275.022	6546.49	489.58	
0.01	984754	15246	446.482	11007.2	341.36	
0.05	955988	44012	357.991	8949.75	426.88	
0.1	917205	82795	275.082	6553.55	465.21	
0.01	984707	15293	446.931	10998.5	364.15	
0.05	955678	44322	358.062	8902.05	448.99	
0.1	916909	83091	274.398	6544.11	490.81	
0.01	984919	15081	447.215	11043	364.1	
0.05	955852	44148	358.833	8974.49	452.07	
0.1	917070	82930	274.58	6578.23	493.95	
0.01	984597	15403	449.186	10962.3	365.88	
0.05	955949	44051	356.488	8953.04	448.15	
0.1	917472	82528	276.677	6557.58	490.84	
0.01	984847	15153	446.494	11026.6	364.08	
0.05	955431	44569	357.836	8959.01	453.47	
0.1	917217	82783	275.336	6580.44	494.42	
0.01	984676	15324	448.52	11167.9	350.49	
0.05	955641	44359	359.164	9011.14	431.78	
0.1	916752	83248	274.816	6603.79	469.3	
0.01	984629	15371	449.176	11048.5	366.48	
0.05	956023	43977	360.162	9013.43	451.4	
0.1	916851	83149	274.21	6597.01	493.76	
0.01	984955	15045	450.045	11185.5	678.1	
0.05	955649	44351	359.208	9080.91	890.46	
0.1	916858	83142	274.949	6637.93	969.5	
0.01	984928	15072	451.215	11243.3	367.44	
0.05	955675	44325	358.861	9135.62	455.87	
0.1	916835	83165	275.476	6707.4	499.71	
0.01	984817	15183	453.769	11276.8	369.82	
0.05	955567	44433	359.34	9103.58	455.66	
0.1	917125	82875	276.472	6690.17	498.31	
0.01	984999	15001	452.16	11370.7	368.53	
0.05	955946	44054	361.165	9125.16	455.08	
0.1	917214	82786	277.301	6712.82	499.61	
0.01	984747	15253	453.972	11244.8	730.22	
0.05	955583	44417	358.892	9124.06	919.93	
0.1	917279	82721	276.184	6691.6	1028.46	
0.01	985011	14989	453.779	11241.8	372.03	
0.05	955630	44370	360.117	9140.92	463.86	
0.1	916811	83189	275.877	6689.08	508.46	
0.01	984841	15159	451.81	11229.9	367.83	
0.05	955894	44106	359.789	9159.28	455.4	
0.1	917445	82555	275.27	6713.32	497.05	
0.01	984710	15290	452.408	11048.6	464.24	
0.05	955701	44299	364.842	8955.87	574.31	
0.1	916959	83041	281.742	6606.05	630.43	
0	0	0	nan	nan	0	
0	0	0	nan	nan	0	
0	0	0	nan	nan	0	
0.01	984723	15277	454.808	10980.6	459.38	
0.05	956315	43685	364.907	8947.16	559.09	
0.1	916910	83090	283.147	6582.88	615.31	
0.01	984806	15194	458.765	11041.2	586.57	
0.05	955940	44060	368.487	8969.77	720.42	
0.1	917142	82858	285.464	6613.96	789.49	
0.01	984911	15089	459.294	11040	370.65	
0.05	955988	44012	367.937	9034.07	457.2	
0.1	916902	83098	286.308	6652.96	503.58	
0.01	984700	15300	459.002	10987.7	371.6	
0.05	955925	44075	368.796	8984.15	456.57	
0.1	916596	83404	286.014	6622.04	502.67	
0.01	984935	15065	457.294	11036.2	372.56	
0.05	955986	44014	369.159	9009.16	463.38	
0.1	916526	83474	287.888	6636.75	513.39	
0.01	984922	15078	458.999	11024.5	369.3	
0.05	956120	43880	370.761	8999.2	455.67	
0.1	916790	83210	287.9	6636.12	502.1	
0.01	984791	15209	460.83	11057.4	371.46	
0.05	955812	44188	371.343	9050.54	459.05	
0.1	916769	83231	288.434	6674.77	504.5	
0.01	984711	15289	458.896	11126.1	371.97	
0.05	955904	44096	374.551	9045.93	460.85	
0.1	916807	83193	289.126	6682.16	505.8	
0.01	984868	15132	465.394	11108.8	358.85	
0.05	955805	44195	376.53	9093.26	441.4	
0.1	916351	83649	290.296	6715.5	483.03	
0.01	984926	15074	466.446	11221.3	348.31	
0.05	955568	44432	377.403	9208.97	428.22	
0.1	915985	84015	291.542	6760.36	482.98	
0.01	984721	15279	471.125	11428.8	382.62	
0.05	955632	44368	378.947	9265.37	472	
0.1	916059	83941	293.826	6808.7	519.5	
0.01	984900	15100	474.083	11424.2	385.41	
0.05	955487	44513	384.705	9347.07	483	
0.1	915653	84347	295.505	6874.31	532.03	
0.01	984795	15205	473.545	11322.3	355.35	
0.05	955531	44469	381.511	9302.04	450.99	
0.1	915865	84135	294.194	6842.93	494.32	
0.01	984683	15317	471.711	11390.5	383.26	
0.05	956197	43803	382.838	9301.59	472.79	
0.1	915729	84271	295.033	6854.01	525.11	
0.01	984737	15263	479.889	11509.2	391.63	
0.05	955484	44516	388.516	9486.6	490.53	
0.1	915992	84008	298.478	6998.95	540.71	
0.01	984600	15400	484.35	11869.4	394.14	
0.05	955378	44622	389.19	9674.9	488.74	
0.1	915464	84536	298.296	7101.78	538.06	
0.01	984732	15268	485.426	12027.2	319.06	
0.05	955009	44991	390.478	9782.84	385.81	
0.1	914783	85217	298.335	7170.95	418.79	
0.01	984897	15103	489.672	12159.9	467.29	
0.05	954823	45177	391.933	9827.96	592.4	
0.1	914471	85529	297.717	7245.09	653.57	
0.01	984445	15555	498.88	12472.9	397.91	
0.05	954753	45247	397.787	10136.6	492.01	
0.1	914338	85662	301.11	7447.29	544.21	
0.01	984723	15277	501.445	12550.6	482.13	
0.05	954671	45329	401.03	10269.9	609.85	
0.1	914292	85708	302.312	7489.26	669.15	
